911.658 0
911.842 1.91614
912.396 3.83707
913.319 5.76771
914.615 7.71294
916.286 9.6774
918.336 11.6658
920.771 13.6833
923.597 15.7354
926.82 17.828
930.449 19.9669
934.493 22.1581
938.961 24.4079
943.866 26.7231
949.22 29.1107
955.039 31.579
961.337 34.1365
968.133 36.7926
975.444 39.557
983.293 42.4401
991.702 45.4537
1000.7 48.6109
1010.3 51.9259
1020.55 55.4141
1031.48 59.0924
1043.12 62.979
1055.5 67.0944
1068.69 71.4617
1082.71 76.1068
1097.64 81.0592
1113.51 86.3521
1130.4 92.0223
1148.38 98.1109
1167.52 104.664
1187.9 111.735
1209.63 119.385
1232.81 127.683
1257.55 136.711
1283.98 146.562
1312.26 157.344
1342.53 169.182
1374.99 182.223
1409.83 196.639
1447.29 212.635
1487.62 230.454
1531.13 250.385
1578.13 272.777
1629 298.054
1684.17 326.73
1744.12 359.435
1809.38 396.952
1880.58 440.254
1958.39 490.564
2043.55 549.434
2136.87 618.846
2239.18 701.361
2351.27 800.31
2473.74 920.066
2606.79 1066.4
2749.76 1246.98
2900.32 1471.94
3052.98 1754.54
3196.61 2111.56
3310.16 2562.76
3356.24 3127.32
3273.48 3813.58
2973.99 4596.63
2363.05 5383.93
1402.91 5996
199.511 6223.72
-997.167 5972.08
-1941.24 5344.41
-2534.46 4551.6
-2819.4 3769.89
-2891.88 3088.07
-2839.01 2528.73
-2721.06 2082.45
-2574.54 1729.7
-2419.92 1450.71
-2267.95 1228.77
-2123.87 1050.71
-1989.89 906.508
-1866.58 788.579
-1753.7 691.211
-1650.6 610.082
-1556.47 541.898
-1470.47 484.13
-1391.78 434.818
-1319.66 392.43
-1253.42 355.758
-1192.44 323.841
-1136.19 295.906
-1084.18 271.329
-1035.99 249.601
-991.231 230.305
-949.58 213.098
-910.743 197.693
-874.46 183.852
-840.499 171.372
-808.657 160.083
-778.75 149.839
-750.613 140.517
-724.1 132.012
-699.08 124.234
-675.437 117.106
-653.068 110.556
-631.875 104.525
-611.772 98.9565
-592.677 93.8062
-574.52 89.0343
-557.233 84.6059
-540.76 80.49
-525.045 76.6581
-510.04 73.0851
-495.697 69.749
-481.975 66.6307
-468.838 63.7125
-456.25 60.9777
-444.179 58.4103
-432.593 55.9962
-421.464 53.7237
-410.764 51.5826
-400.47 49.5638
-390.56 47.6588
-381.012 45.8593
-371.806 44.1578
-362.925 42.548
-354.351 41.0249
-346.068 39.5841
-338.063 38.2208
-330.325 36.9291
-322.84 35.7028
-315.595 34.5363
-308.577 33.4256
-301.773 32.3689
-295.174 31.364
-288.772 30.4078
-282.555 29.4967
-276.515 28.6286
-270.643 27.8033
-264.934 27.0198
-259.381 26.2752
-253.98 25.5649
-248.72 24.885
-243.594 24.2345
-238.593 23.6143
-233.713 23.0247
-228.95 22.4649
-224.299 21.933
-219.756 21.4272
-215.315 20.9458
-210.971 20.4879
-206.72 20.0524
-202.556 19.6386
-198.474 19.246
-194.47 18.8742
-190.54 18.523
-186.68 18.1925
-182.884 17.883
-179.15 17.5945
-175.474 17.3273
-171.852 17.0823
-168.282 16.86
-164.762 16.6594
-161.289 16.4781
-157.855 16.3148
-154.455 16.1705
-151.084 16.0475
-147.737 15.9478
-144.412 15.8732
-141.102 15.8257
-137.806 15.8074
-134.518 15.8196
-131.236 15.8627
-127.951 15.9377
-124.657 16.0477
-121.345 16.1974
-118.011 16.3919
-114.646 16.6354
-111.244 16.9327
-107.792 17.2909
-104.283 17.7188
-100.704 18.2257
-97.0441 18.8223
-93.2877 19.5223
-89.4184 20.3432
-85.4186 21.3067
-81.2683 22.4391
-76.9452 23.7729
-72.4243 25.35
-67.6796 27.223
-62.6841 29.4578
-57.4094 32.1372
-51.826 35.3674
-45.9067 39.2886
-39.6338 44.0881
-33.0151 50.0158
-26.1067 57.402
-19.0543 66.6794
-12.1651 78.4037
-6.03269 93.2534
-1.73859 111.959
-1.1221 135.052
-6.99494 162.256
-22.8619 191.384
-51.3357 217.209
-91.0637 232.105
-134.835 230.207
-172.843 212.201
-198.872 184.725
-212.549 155.208
-216.886 128.302
-215.365 105.738
-210.638 87.5579
-204.394 73.1404
-197.603 61.7377
-190.79 52.6823
-184.221 45.4371
-178.018 39.5868
-172.225 34.8155
-166.842 30.8845
-161.85 27.6142
-157.219 24.8683
-152.919 22.542
-148.918 20.5539
-145.185 18.8418
-141.693 17.3578
-138.418 16.0637
-135.34 14.9278
-132.439 13.9245
-129.699 13.0336
-127.104 12.2386
-124.642 11.5252
-122.299 10.8817
-120.066 10.2987
-117.931 9.76948
-115.888 9.28829
-113.931 8.84954
-112.052 8.44804
-110.248 8.07914
-108.512 7.73811
-106.84 7.42011
-105.225 7.12211
-103.659 6.84389
-102.141 6.58655
-100.67 6.34975
-99.2438 6.13096
-97.8604 5.92754
-96.5165 5.73879
-95.2107 5.56539
-93.9443 5.40645
-92.7181 5.25767
-91.5293 5.11338
-90.3715 4.97057
-89.2389 4.83051
-88.1291 4.69641
-87.0423 4.56991
-85.9785 4.4505
-84.9362 4.33788
-83.9141 4.23334
-82.9135 4.13858
-81.9373 4.05288
-80.9872 3.9722
-80.0612 3.8917
-79.1546 3.80928
-78.2638 3.72582
-77.3872 3.64263
-76.5236 3.56005
-75.671 3.47851
-74.8277 3.39986
-73.9935 3.32677
-73.1703 3.26049
-72.3592 3.20023
-71.5593 3.14546
-70.7701 3.09782
-69.9939 3.05945
-69.2354 3.02908
-68.4969 3.00126
-67.7757 2.97006
-67.0661 2.93334
-66.3632 2.89344
-65.6663 2.85399
-64.9769 2.81636
-64.296 2.77929
-63.6223 2.74131
-62.9533 2.70238
-62.2873 2.66397
-61.6235 2.62832
-60.9625 2.59757
-60.3061 2.57285
-59.6562 2.55385
-59.0142 2.53899
-58.3799 2.52609
-57.7516 2.51362
-57.1272 2.5014
-56.5052 2.49045
-55.8853 2.48192
-55.2678 2.47598
-54.6517 2.47235
-54.0356 2.47181
-53.4192 2.47649
-52.8039 2.48821
-52.1926 2.50679
-51.5871 2.52939
-50.9866 2.55174
-50.3867 2.57109
-49.7822 2.58838
-49.1703 2.60681
-48.5505 2.62887
-47.9218 2.65575
-47.2825 2.68929
-46.6315 2.73285
-45.97 2.78976
-45.3006 2.86118
-44.6249 2.94562
-43.9418 3.04073
-43.2479 3.14511
-42.5384 3.25893
-41.8073 3.38468
-41.0492 3.52824
-40.2619 3.69767
-39.4469 3.89906
-38.6048 4.13423
-37.7311 4.40397
-36.8162 4.71403
-35.8514 5.07774
-34.8336 5.51213
-33.7633 6.03248
-32.6382 6.65251
-31.45 7.39119
-30.1887 8.28019
-28.8499 9.36667
-27.4412 10.712
-25.9864 12.3921
-24.5322 14.5007
-23.1663 17.154
-22.0484 20.4848
-21.4562 24.6087
-21.8217 29.5392
-23.7039 35.0367
-27.605 40.4562
-33.6305 44.777
-41.2311 46.9423
-49.2737 46.3175
-56.3997 43.0098
-61.5744 37.8888
-64.5111 32.1449
-65.5768 26.7113
-65.3755 22.0426
-64.44 18.2311
-63.138 15.1927
-61.6936 12.7896
-60.2328 10.8848
-58.819 9.36136
-57.4779 8.1281
-56.2157 7.11911
-55.0319 6.28823
-53.9257 5.6007
-52.8947 5.02716
-51.9333 4.5431
-51.0331 4.13096
-50.1879 3.77982
-49.3952 3.48065
-48.6537 3.22221
-47.958 2.99245
-47.2988 2.78353
-46.6675 2.59373
-46.0597 2.42462
-45.4747 2.27753
-44.9143 2.15185
-44.3808 2.04425
-43.8746 1.94879
-43.3923 1.85941
-42.9279 1.77351
-42.4764 1.69307
-42.0379 1.62133
-41.6154 1.55803
-41.21 1.49867
-40.818 1.43881
-40.4338 1.37871
-40.0549 1.32239
-39.6834 1.27246
-39.3215 1.22755
-38.9682 1.18562
-38.6216 1.14745
-38.2831 1.11465
-37.9554 1.0856
-37.638 1.05596
-37.3266 1.02342
-37.0169 0.990314
-36.7084 0.960988
-36.4042 0.93769
-36.1068 0.919605
-35.8174 0.905138
-35.5365 0.89333
-35.2656 0.882197
-35.0047 0.86757
-34.7498 0.84548
-34.4946 0.815563
-34.2342 0.781956
-33.9674 0.751016
-33.6976 0.727502
-33.4293 0.712415
-33.1653 0.704275
-32.9065 0.70163
-32.6533 0.704193
-32.4072 0.712249
-32.1714 0.724703
-31.9482 0.737462
-31.7367 0.744741
-31.5323 0.742794
-31.3297 0.731843
-31.1262 0.713906
-30.9202 0.690121
-30.7094 0.661664
-30.4912 0.632071
-30.2665 0.60623
-30.0395 0.586524
-29.8135 0.571121
-29.5878 0.557057
-29.359 0.544732
-29.1256 0.538765
-28.8913 0.544438
-28.6639 0.562865
-28.4508 0.588617
-28.2534 0.612095
-28.0663 0.625224
-27.8808 0.625754
-27.6894 0.61733
-27.4894 0.606386
-27.2826 0.598064
-27.0721 0.594283
-26.8598 0.595189
-26.6471 0.60093
-26.4356 0.611606
-26.2276 0.626319
-26.0248 0.642314
-25.8269 0.655256
-25.6299 0.661533
-25.4279 0.660988
-25.2162 0.657209
-24.993 0.65571
-24.7599 0.661942
-24.5213 0.678915
-24.2819 0.705544
-24.0427 0.738625
-23.8019 0.777123
-23.559 0.823142
-23.3173 0.877796
-23.0807 0.937023
-22.8474 0.993083
-22.6081 1.04166
-22.3519 1.08754
-22.0752 1.14174
-21.7826 1.21268
-21.4804 1.30073
-21.168 1.40203
-20.8385 1.51705
-20.4851 1.65445
-20.108 1.82688
-19.7132 2.04468
-19.3082 2.3134
-18.8972 2.63591
-18.4795 3.01756
-18.0523 3.47326
-17.6208 4.03113
-17.2107 4.72699
-16.8761 5.59
-16.6982 6.62179
-16.7679 7.77293
-17.1422 8.93161
-17.7883 9.96248
-18.5877 10.8036
-19.4493 11.5133
-20.4056 12.1736
-21.56 12.7643
-22.9612 13.1596
-24.5575 13.2172
-26.2238 12.8269
-27.7642 11.9392
-28.9517 10.6358
-29.6513 9.13129
-29.8857 7.65639
-29.7771 6.35465
-29.4583 5.27438
-29.033 4.4076
-28.5709 3.72101
-28.1122 3.1718
-27.6709 2.71986
-27.2437 2.33883
-26.8243 2.01951
-26.4149 1.76174
-26.0269 1.56187
-25.6707 1.40682
-25.3476 1.27942
-25.0505 1.16797
-24.7718 1.06931
-24.5096 0.983014
-24.2639 0.905502
-24.031 0.831804
-23.8043 0.761353
-23.5804 0.699006
-23.3629 0.64925
-23.1577 0.610493
-22.9672 0.576026
-22.7878 0.539987
-22.6141 0.501204
-22.4428 0.46139
-22.2727 0.421821
-22.1019 0.383805
-21.9294 0.350806
-21.758 0.326678
-21.5936 0.311074
-21.4394 0.298298
-21.292 0.282205
-21.1441 0.262501
-20.9919 0.245503
-20.8392 0.237644
-20.6933 0.238783
-20.5573 0.243267
-20.429 0.246508
-20.3048 0.248374
-20.1843 0.250621
-20.0689 0.25326
-19.9595 0.25412
-19.8543 0.251087
-19.7509 0.244004
-19.6486 0.233878
-19.5475 0.220261
-19.4463 0.200983
-19.3401 0.175677
-19.2244 0.148353
-19.0981 0.125844
-18.9648 0.1147
-18.8314 0.11858
-18.7064 0.136271
-18.5962 0.161534
-18.5018 0.185544
-18.419 0.201077
-18.3406 0.205777
-18.2611 0.201747
-18.1785 0.192525
-18.0928 0.180805
-18.0051 0.167651
-17.9159 0.152636
-17.8242 0.135139
-17.7278 0.11611
-17.6261 0.0982573
-17.5202 0.0841501
-17.4126 0.0743427
-17.3039 0.0682574
-17.1941 0.0667372
-17.0851 0.0715401
-16.981 0.0816986
-16.8832 0.0927919
-16.7884 0.101702
-16.6933 0.110635
-16.5998 0.123899
-16.5148 0.140594
-16.4421 0.151856
-16.3756 0.146852
-16.3005 0.123166
-16.2046 0.0912473
-16.0877 0.067104
-15.9603 0.0606144
-15.8341 0.0713823
-15.7155 0.0932517
-15.605 0.120422
-15.5016 0.150278
-15.4057 0.181407
-15.3182 0.209928
-15.2362 0.230272
-15.1521 0.24038
-15.0592 0.244445
-14.9561 0.249486
-14.8456 0.260182
-14.7313 0.277705
-14.6154 0.301916
-14.4998 0.332505
-14.387 0.367384
-14.2769 0.401845
-14.1641 0.43212
-14.0407 0.460384
-13.9023 0.494722
-13.7514 0.543376
-13.5927 0.610015
-13.4283 0.695858
-13.2581 0.805582
-13.0868 0.948208
-12.9263 1.13061
-12.792 1.35275
-12.6986 1.60999
-12.6637 1.8934
-12.7077 2.17981
-12.8354 2.42391
-13.0118 2.57788
-13.1698 2.63198
-13.2543 2.62763
-13.2533 2.62939
-13.1967 2.69149
-13.1404 2.83757
-13.1435 3.04917
-13.2359 3.26968
-13.3927 3.44041
-13.5549 3.5503
-13.6869 3.64187
-13.8089 3.76415
-13.9737 3.92574
-14.2204 4.08847
-14.5459 4.20273
-14.9257 4.24294
-15.3457 4.19492
-15.7872 4.02758
-16.1938 3.71393
-16.4883 3.27644
-16.6258 2.78773
-16.6185 2.32635
-16.5155 1.93773
-16.3678 1.6275
-16.2062 1.37933
-16.0421 1.17628
-15.8799 1.00894
-15.7249 0.869953
-15.5794 0.74922
-15.439 0.638309
-15.2962 0.537334
-15.1508 0.452723
-15.011 0.386251
-14.8831 0.329567
-14.7623 0.272498
-14.6374 0.214586
-14.5029 0.165907
-14.3652 0.136999
-14.2378 0.128522
-14.1295 0.130033
-14.0382 0.128425
-13.9533 0.118017
-13.8661 0.103021
-13.7756 0.0910184
-13.687 0.0849734
-13.6039 0.0817246
-13.5242 0.0773916
-13.4435 0.0730291
-13.3618 0.0734341
-13.2834 0.0807249
-13.2121 0.0922847
-13.148 0.105117
-13.0911 0.118016
-13.0422 0.128758
-13.0004 0.133171
-12.9609 0.128798
-12.9189 0.117558
-12.8733 0.103334
-12.8259 0.0876873
-12.7768 0.0695041
-12.7234 0.0491077
-12.6646 0.0305707
-12.6044 0.0176308
-12.5489 0.00789033
-12.4986 -0.00605265
-12.4466 -0.0284582
-12.3856 -0.0556308
-12.3145 -0.0806638
-12.2362 -0.0999569
-12.1515 -0.112168
-12.0607 -0.113049
-11.969 -0.0959507
-11.8886 -0.0592425
-11.8313 -0.0117598
-11.7998 0.0308917
-11.786 0.0555977
-11.7763 0.0579714
-11.7592 0.0421662
-11.7291 0.0166204
-11.6859 -0.0103743
-11.6335 -0.0333108
-11.5772 -0.0508653
-11.5201 -0.0652341
-11.4617 -0.0785664
-11.4007 -0.0904069
-11.338 -0.0994015
-11.2751 -0.106243
-11.2116 -0.113196
-11.1438 -0.120078
-11.0699 -0.121782
-10.9949 -0.112812
-10.9278 -0.0953399
-10.8714 -0.0792914
-10.8184 -0.0726305
-10.7578 -0.0735734
-10.6841 -0.0723239
-10.601 -0.057858
-10.5199 -0.0245166
-10.4541 0.0228717
-10.4091 0.0698651
-10.377 0.102676
-10.3423 0.119271
-10.2954 0.129531
-10.2381 0.144961
-10.1782 0.169192
-10.1198 0.198862
-10.0606 0.232485
-9.99977 0.274892
-9.94397 0.330537
-9.90235 0.395138
-9.87582 0.458714
-9.85704 0.517672
-9.84358 0.57886
-9.84692 0.64579
-9.8798 0.703208
-9.934 0.725375
-9.98017 0.701971
-9.99115 0.648431
-9.95921 0.591847
-9.89375 0.553782
-9.81053 0.544172
-9.7238 0.563941
-9.6439 0.609765
-9.57821 0.677291
-9.53362 0.761993
-9.51859 0.856604
-9.54006 0.945818
-9.59295 1.00717
-9.65461 1.0252
-9.69703 1.00447
-9.70291 0.96507
-9.66922 0.931224
-9.60578 0.925558
-9.53526 0.96242
-9.4865 1.03875
-9.48056 1.13204
-9.51723 1.20967
-9.57107 1.24837
-9.60676 1.25369
-9.60799 1.25726
-9.58954 1.28957
-9.58144 1.35848
-9.60802 1.45023
-9.67806 1.54105
-9.78388 1.60977
-9.90983 1.64867
-10.0481 1.66136
-10.202 1.64565
-10.3689 1.58537
-10.5259 1.46621
-10.6408 1.29646
-10.6964 1.10535
-10.6995 0.921576
-10.6673 0.757504
-10.6112 0.613459
-10.5353 0.491053
-10.4463 0.397029
-10.36 0.333811
-10.2924 0.289948
-10.2458 0.244431
-10.2053 0.182617
-10.1521 0.107292
-10.078 0.0336465
-9.98938 -0.0252484
-9.8974 -0.0671025
-9.80797 -0.097284
-9.71992 -0.120374
-9.63051 -0.135786
-9.53992 -0.140614
-9.44989 -0.132376
-9.36368 -0.106892
-9.29154 -0.0602875
-9.24987 0.000627214
-9.2473 0.0536355
-9.27178 0.0734691
-9.29502 0.0509451
-9.29128 -5.31809e-05
-9.25346 -0.0535444
-9.19381 -0.0897587
-9.13066 -0.10535
-9.07472 -0.108904
-9.02616 -0.109309
-8.98139 -0.109865
-8.93822 -0.110723
-8.89538 -0.111768
-8.85135 -0.112082
-8.80568 -0.108896
-8.76135 -0.0991124
-8.72445 -0.0834519
-8.69906 -0.068748
-8.68179 -0.0638799
-8.66248 -0.0720117
-8.63187 -0.0866723
-8.58964 -0.0964434
-8.54453 -0.0947194
-8.50589 -0.0845532
-8.47614 -0.0737314
-8.45171 -0.0672317
-8.4286 -0.0653308
-8.4054 -0.0666379
-8.3821 -0.071039
-8.35769 -0.0794913
-8.32979 -0.0920682
-8.29595 -0.107272
-8.25433 -0.122178
-8.20481 -0.132207
-8.15109 -0.132795
-8.09982 -0.123454
-8.0557 -0.109048
-8.01795 -0.0956593
-7.98231 -0.0862902
-7.94421 -0.0805634
-7.89974 -0.0756721
-7.84653 -0.0658854
-7.78669 -0.0430707
-7.72901 -0.000900958
-7.68661 0.0597252
-7.67053 0.128152
-7.6822 0.187514
-7.7111 0.224067
-7.74148 0.234916
-7.76181 0.226401
-7.76695 0.206948
-7.75475 0.18505
-7.72715 0.170805
-7.69347 0.17191
-7.66643 0.186537
-7.65207 0.203708
-7.64479 0.213511
-7.63463 0.216527
-7.61887 0.221351
-7.60455 0.233266
-7.59941 0.247689
-7.6028 0.255818
-7.60746 0.25445
-7.60864 0.24786
-7.609 0.240548
-7.614 0.229885
-7.62316 0.20734
-7.62723 0.166541
-7.6126 0.109813
-7.56908 0.0499921
-7.49818 0.00539611
-7.41435 -0.0119454
-7.3344 -0.00450214
-7.26468 0.0161369
-7.19978 0.0431357
-7.13426 0.0817859
-7.07494 0.142334
-7.0404 0.224388
-7.0453 0.309117
-7.08465 0.369963
-7.13497 0.392391
-7.17153 0.383478
-7.18514 0.36275
-7.18276 0.344346
-7.17372 0.329112
-7.15839 0.312308
-7.1303 0.295588
-7.08729 0.289605
-7.03856 0.305267
-7.00078 0.343126
-6.98691 0.39011
-6.99566 0.426472
-7.01008 0.440273
-7.01039 0.438
-6.99029 0.43833
-6.95873 0.456179
-6.9295 0.49584
-6.91456 0.554674
-6.92415 0.625539
-6.96501 0.695411
-7.03475 0.747686
-7.12073 0.771007
-7.20838 0.765129
-7.28983 0.736021
-7.36269 0.687237
-7.42256 0.619274
-7.46184 0.536502
-7.47677 0.449441
-7.47197 0.36808
-7.4558 0.295042
-7.43241 0.226909
-7.39982 0.16165
-7.35569 0.102626
-7.30214 0.0551962
-7.24481 0.0222782
-7.19019 0.00324852
-7.14379 -0.00608445
-7.10751 -0.012754
-7.07802 -0.0228342
-7.04992 -0.0376928
-7.02035 -0.0554312
-6.98909 -0.0752514
-6.95449 -0.0987277
-6.91063 -0.125471
-6.85168 -0.147347
-6.78166 -0.151012
-6.71635 -0.130895
-6.6701 -0.0972238
-6.64243 -0.0662785
-6.62187 -0.0446642
-6.60037 -0.0271273
-6.57984 -0.00715246
-6.5661 0.0143642
-6.55967 0.0310157
-6.55428 0.0396979
-6.5446 0.0447743
-6.5323 0.0522016
-6.52249 0.0625166
-6.51694 0.0722158
-6.51384 0.0795486
-6.51254 0.0854512
-6.51462 0.0895858
-6.5202 0.0890564
-6.52614 0.082132
-6.52974 0.0708979
-6.53247 0.0578526
-6.53733 0.040897
-6.54249 0.0143513
-6.53957 -0.0236267
-6.52076 -0.0658248
-6.48745 -0.100608
-6.4501 -0.122385
-6.4186 -0.13692
-6.39245 -0.155218
-6.36142 -0.181588
-6.31647 -0.208635
-6.25917 -0.223999
-6.20113 -0.221716
-6.15392 -0.208242
-6.11774 -0.196586
-6.08119 -0.192332
-6.03449 -0.186897
-5.98168 -0.166707
-5.93817 -0.12831
-5.91614 -0.0840101
-5.91164 -0.0516561
-5.90727 -0.0373604
-5.88923 -0.0296652
-5.86014 -0.0116836
-5.83459 0.0231079
-5.82524 0.0677551
-5.83531 0.11031
-5.86106 0.141262
-5.89594 0.154559
-5.93139 0.146674
-5.95623 0.118192
-5.95929 0.077316
-5.93649 0.0399782
-5.89678 0.0221839
-5.85871 0.0285923
-5.83768 0.0485542
-5.8352 0.0647948
-5.84004 0.0666643
-5.83894 0.0564845
-5.82711 0.0447333
-5.80991 0.0397034
-5.79615 0.0412442
-5.79018 0.0422071
-5.78871 0.0350703
-5.78421 0.0176355
-5.77025 -0.00713874
-5.74292 -0.0339892
-5.7003 -0.05573
-5.64471 -0.0630049
-5.58541 -0.0480219
-5.53637 -0.0107105
-5.50859 0.0392352
-5.50352 0.088264
-5.51515 0.127642
-5.53797 0.154645
-5.56939 0.165959
-5.60317 0.155065
-5.62522 0.119808
-5.62088 0.0702579
-5.5861 0.0249475
-5.52959 -4.16768e-05
-5.46682 0.0019973
-5.4125 0.0272728
-5.37414 0.0655201
-5.35136 0.107587
-5.34164 0.148984
-5.34388 0.186208
-5.35532 0.214344
-5.3695 0.230547
-5.37937 0.236897
-5.38091 0.239581
-5.37571 0.245873
-5.37038 0.258733
-5.37017 0.274115
-5.37323 0.286094
-5.37277 0.294797
-5.36584 0.308187
-5.35943 0.334321
-5.36583 0.371528
-5.39092 0.408427
-5.42942 0.435003
-5.47333 0.450876
-5.52189 0.460294
-5.58008 0.461747
-5.64855 0.446097
-5.71837 0.405151
-5.7766 0.339631
-5.81499 0.257614
-5.83193 0.167444
-5.82806 0.0741064
-5.80264 -0.0182701
-5.75561 -0.103372
-5.69057 -0.174726
-5.61314 -0.229047
-5.52754 -0.265358
-5.43701 -0.281473
-5.34814 -0.274397
-5.27104 -0.246361
-5.21161 -0.206994
-5.1664 -0.165057
-5.12962 -0.12042
-5.10314 -0.0687131
-5.09513 -0.0119551
-5.11013 0.0386809
-5.14192 0.0699922
-5.17546 0.0770119
-5.19726 0.0677623
-5.20605 0.0562027
-5.21144 0.0484616
-5.22033 0.0382241
-5.22774 0.017353
-5.22264 -0.0124498
-5.19958 -0.0396651
-5.1642 -0.0517987
-5.12953 -0.0442901
-5.10732 -0.022421
-5.10268 0.0039111
-5.11512 0.025297
-5.14074 0.0338552
-5.17245 0.0235239
-5.20009 -0.00817668
-5.21218 -0.0581145
-5.19932 -0.116174
-5.15952 -0.166831
-5.1013 -0.195517
-5.04076 -0.195737
-4.99475 -0.172086
-4.97389 -0.138367
-4.97819 -0.111822
-4.99721 -0.105799
-5.01482 -0.123989
-5.01707 -0.159015
-4.999 -0.197319
-4.96539 -0.227338
-4.92589 -0.244498
-4.88948 -0.252129
-4.85853 -0.259366
-4.8251 -0.272916
-4.77773 -0.287594
-4.71469 -0.288242
-4.64872 -0.263109
-4.59772 -0.214266
-4.57245 -0.155417
-4.57186 -0.102456
-4.58625 -0.0656289
-4.6038 -0.0465093
-4.61641 -0.0405643
-4.62043 -0.0420636
-4.61428 -0.0454
-4.59867 -0.0439418
-4.57859 -0.031505
-4.56292 -0.00584244
-4.56129 0.0288568
-4.57918 0.0618384
-4.61326 0.0800045
-4.65146 0.0752628
-4.67871 0.0498482
-4.68544 0.0162473
-4.67434 -0.0100359
-4.65858 -0.0214794
-4.65122 -0.0238371
-4.65468 -0.0302016
-4.66008 -0.0492166
-4.65639 -0.0788383
-4.63918 -0.110699
-4.61073 -0.138361
-4.57381 -0.16
-4.52799 -0.173675
-4.47401 -0.172718
-4.42074 -0.149621
-4.38375 -0.106211
-4.37323 -0.0573452
-4.38433 -0.0203254
-4.4028 -0.00107196
-4.41955 0.00625204
-4.43581 0.00676228
-4.45372 -0.0032155
-4.46629 -0.0299424
-4.45929 -0.0705619
-4.42319 -0.108731
-4.36484 -0.123018
-4.30693 -0.103813
-4.27118 -0.0626458
-4.26136 -0.0212425
-4.26561 0.00778715
-4.27284 0.025903
-4.28121 0.0373061
-4.29106 0.0400423
-4.29603 0.0305276
-4.28555 0.0134144
-4.25588 0.00256012
-4.21581 0.0105015
-4.17954 0.0386195
-4.15529 0.0793023
-4.14321 0.125947
-4.14273 0.177092
-4.15681 0.231391
-4.18851 0.283924
-4.23812 0.328249
-4.30404 0.35778
-4.38214 0.364845
-4.46282 0.342202
-4.53038 0.288517
-4.56835 0.214287
-4.57084 0.141278
-4.55034 0.0900173
-4.53025 0.0641354
-4.52651 0.0483304
-4.53582 0.0227545
-4.54111 -0.0196562
-4.52861 -0.0682756
-4.50084 -0.106649
-4.47303 -0.129429
-4.45661 -0.147504
-4.44693 -0.175955
-4.42832 -0.217386
-4.39146 -0.259402
-4.34241 -0.289285
-4.29269 -0.307352
-4.24406 -0.322328
-4.18788 -0.336099
-4.11906 -0.337981
-4.04682 -0.315735
-3.9886 -0.270437
-3.95334 -0.216886
-3.93454 -0.168277
-3.92177 -0.124358
-3.91488 -0.0782673
-3.92125 -0.0314212
-3.94115 0.00616564
-3.96446 0.0297088
-3.98289 0.0462128
-3.99989 0.0653162
-4.02603 0.0867602
-4.06556 0.0995462
-4.11031 0.0942493
-4.14912 0.0729547
-4.17965 0.0434567
-4.20597 0.00717078
-4.22692 -0.0414238
-4.23242 -0.104027
-4.21214 -0.171157
-4.16603 -0.226514
-4.1063 -0.258204
-4.04936 -0.267001
-4.00385 -0.264865
-3.96469 -0.263251
-3.92038 -0.261377
-3.86714 -0.246394
-3.81696 -0.205345
-3.79278 -0.14001
-3.81165 -0.0730448
-3.86759 -0.0365217
-3.93111 -0.0491702
-3.96837 -0.102505
-3.96311 -0.168496
-3.92218 -0.22015
-3.8638 -0.245019
-3.8043 -0.243424
-3.75459 -0.221103
-3.72166 -0.186223
-3.70845 -0.149014
-3.71253 -0.120431
-3.72494 -0.10911
-3.73193 -0.11592
-3.72285 -0.131373
-3.69751 -0.141918
-3.66459 -0.139543
-3.63359 -0.125196
-3.60823 -0.105079
-3.5852 -0.0832911
-3.5604 -0.056316
-3.53758 -0.0171316
-3.52714 0.0345864
-3.53623 0.0905306
-3.56477 0.141313
-3.61021 0.180382
-3.66941 0.200181
-3.73271 0.191803
-3.78185 0.154541
-3.80115 0.103433
-3.79166 0.0614107
-3.77101 0.0412443
-3.7566 0.0372269
-3.75176 0.0364483
-3.7507 0.0339239
-3.75186 0.0318859
-3.75904 0.0285879
