0 0
0.000183747 3.22865e-05
0.000367493 0.000129308
0.00055124 0.000291554
0.000734987 0.000519846
0.000918733 0.000815311
0.00110248 0.0011794
0.00128623 0.00161392
0.00146997 0.0021211
0.00165372 0.00270358
0.00183747 0.00336437
0.00202121 0.00410695
0.00220496 0.00493523
0.00238871 0.00585362
0.00257245 0.00686713
0.0027562 0.00798148
0.00293995 0.0092031
0.00312369 0.0105391
0.00330744 0.0119975
0.00349119 0.013587
0.00367493 0.0153177
0.00385868 0.0172008
0.00404243 0.0192487
0.00422617 0.0214755
0.00440992 0.0238967
0.00459367 0.0265296
0.00477741 0.0293937
0.00496116 0.0325111
0.00514491 0.0359067
0.00532865 0.0396091
0.0055124 0.0436505
0.00569615 0.0480673
0.00587989 0.0529008
0.00606364 0.0581978
0.00624739 0.0640122
0.00643113 0.0704062
0.00661488 0.0774516
0.00679863 0.0852317
0.00698237 0.0938428
0.00716612 0.103397
0.00734987 0.114027
0.00753361 0.125887
0.00771736 0.13916
0.00790111 0.154063
0.00808485 0.170856
0.0082686 0.189852
0.00845234 0.211427
0.00863609 0.236041
0.00881984 0.264256
0.00900358 0.296764
0.00918733 0.334428
0.00937108 0.378328
0.00955482 0.429827
0.00973857 0.490666
0.00992232 0.563081
0.0101061 0.649979
0.0102898 0.755164
0.0104736 0.883667
0.0106573 1.04218
0.0108411 1.23967
0.0110248 1.48811
0.0112085 1.80338
0.0113923 2.20592
0.011576 2.72047
0.0117598 3.37246
0.0119435 4.17678
0.0121273 5.11185
0.012311 6.07811
0.0124948 6.87014
0.0126785 7.23592
0.0128623 7.04399
0.013046 6.39371
0.0132298 5.52193
0.0134135 4.6371
0.0135973 3.85047
0.013781 3.19565
0.0139647 2.66676
0.0141485 2.24417
0.0143322 1.90665
0.014516 1.63565
0.0146997 1.41634
0.0148835 1.23723
0.0150672 1.08957
0.015251 0.966681
0.0154347 0.863499
0.0156185 0.776124
0.0158022 0.701545
0.015986 0.637414
0.0161697 0.581888
0.0163535 0.533506
0.0165372 0.491098
0.0167209 0.453722
0.0169047 0.420609
0.0170884 0.391133
0.0172722 0.364776
0.0174559 0.341112
0.0176397 0.319785
0.0178234 0.300493
0.0180072 0.282983
0.0181909 0.267039
0.0183747 0.252475
0.0185584 0.239135
0.0187422 0.226886
0.0189259 0.215612
0.0191096 0.205214
0.0192934 0.1956
0.0194771 0.186689
0.0196609 0.178411
0.0198446 0.170706
0.0200284 0.163523
0.0202121 0.156815
0.0203959 0.150543
0.0205796 0.144667
0.0207634 0.139156
0.0209471 0.133979
0.0211309 0.129112
0.0213146 0.124531
0.0214984 0.120213
0.0216821 0.116136
0.0218658 0.112279
0.0220496 0.108628
0.0222333 0.105168
0.0224171 0.101887
0.0226008 0.098774
0.0227846 0.0958173
0.0229683 0.0930063
0.0231521 0.0903326
0.0233358 0.0877902
0.0235196 0.085374
0.0237033 0.0830775
0.0238871 0.0808922
0.0240708 0.0788076
0.0242546 0.0768146
0.0244383 0.0749076
0.024622 0.0730848
0.0248058 0.0713444
0.0249895 0.0696817
0.0251733 0.0680907
0.025357 0.0665692
0.0255408 0.0651186
0.0257245 0.063739
0.0259083 0.0624253
0.026092 0.0611683
0.0262758 0.0599609
0.0264595 0.058802
0.0266433 0.0576949
0.026827 0.0566423
0.0270108 0.0556437
0.0271945 0.054696
0.0273782 0.0537956
0.027562 0.05294
0.0277457 0.0521276
0.0279295 0.0513575
0.0281132 0.0506286
0.028297 0.0499408
0.0284807 0.049294
0.0286645 0.0486888
0.0288482 0.0481268
0.029032 0.0476094
0.0292157 0.0471379
0.0293995 0.0467138
0.0295832 0.0463411
0.029767 0.0460223
0.0299507 0.0457553
0.0301344 0.045535
0.0303182 0.0453586
0.0305019 0.0452299
0.0306857 0.0451563
0.0308694 0.0451445
0.0310532 0.0452007
0.0312369 0.0453321
0.0314207 0.0455461
0.0316044 0.0458478
0.0317882 0.04624
0.0319719 0.0467273
0.0321557 0.04732
0.0323394 0.0480344
0.0325232 0.0488873
0.0327069 0.0498938
0.0328906 0.051071
0.0330744 0.0524428
0.0332581 0.054039
0.0334419 0.055892
0.0336256 0.0580388
0.0338094 0.0605261
0.0339931 0.0634141
0.0341769 0.0667766
0.0343606 0.0707036
0.0345444 0.075307
0.0347281 0.0807298
0.0349119 0.0871533
0.0350956 0.0948044
0.0352794 0.103969
0.0354631 0.115015
0.0356468 0.128429
0.0358306 0.144861
0.0360143 0.16518
0.0361981 0.190541
0.0363818 0.22246
0.0365656 0.262896
0.0367493 0.31426
0.0369331 0.379183
0.0371168 0.459671
0.0373006 0.554997
0.0374843 0.657854
0.0376681 0.750284
0.0378518 0.805648
0.0380356 0.802941
0.0382193 0.743714
0.038403 0.65053
0.0385868 0.549198
0.0387705 0.456152
0.0389543 0.377712
0.039138 0.314246
0.0393218 0.263734
0.0395055 0.223658
0.0396893 0.19174
0.039873 0.166136
0.0400568 0.145412
0.0402405 0.128473
0.0404243 0.114487
0.040608 0.10283
0.0407918 0.0930239
0.0409755 0.0847015
0.0411592 0.0775775
0.041343 0.071433
0.0415267 0.0660994
0.0417105 0.061442
0.0418942 0.0573488
0.042078 0.0537292
0.0422617 0.0505112
0.0424455 0.0476362
0.0426292 0.0450539
0.042813 0.0427215
0.0429967 0.0406063
0.0431805 0.0386842
0.0433642 0.0369354
0.043548 0.0353398
0.0437317 0.0338787
0.0439154 0.0325355
0.0440992 0.0312925
0.0442829 0.0301316
0.0444667 0.0290415
0.0446504 0.0280223
0.0448342 0.0270796
0.0450179 0.026213
0.0452017 0.0254131
0.0453854 0.0246698
0.0455692 0.023981
0.0457529 0.0233501
0.0459367 0.0227744
0.0461204 0.0222362
0.0463042 0.0217122
0.0464879 0.0211895
0.0466716 0.0206738
0.0468554 0.0201791
0.0470391 0.0197125
0.0472229 0.0192725
0.0474066 0.0188578
0.0475904 0.0184747
0.0477741 0.0181309
0.0479579 0.0178238
0.0481416 0.0175358
0.0483254 0.017246
0.0485091 0.016945
0.0486929 0.0166365
0.0488766 0.0163264
0.0490604 0.0160163
0.0492441 0.0157081
0.0494278 0.0154102
0.0496116 0.0151349
0.0497953 0.0148883
0.0499791 0.0146671
0.0501628 0.0144691
0.0503466 0.0143022
0.0505303 0.0141766
0.0507141 0.0140869
0.0508978 0.0140081
0.0510816 0.0139125
0.0512653 0.0137899
0.0514491 0.0136511
0.0516328 0.0135131
0.0518165 0.0133823
0.0520003 0.013253
0.052184 0.0131181
0.0523678 0.0129774
0.0525515 0.0128378
0.0527353 0.0127102
0.052919 0.0126053
0.0531028 0.0125287
0.0532865 0.0124793
0.0534703 0.0124494
0.053654 0.0124287
0.0538378 0.0124097
0.0540215 0.0123915
0.0542053 0.0123793
0.054389 0.0123787
0.0545727 0.0123908
0.0547565 0.0124142
0.0549402 0.0124532
0.055124 0.0125185
0.0553077 0.0126197
0.0554915 0.0127561
0.0556752 0.0129138
0.055859 0.0130709
0.0560427 0.0132133
0.0562265 0.0133458
0.0564102 0.0134847
0.056594 0.0136431
0.0567777 0.0138274
0.0569615 0.0140473
0.0571452 0.0143209
0.0573289 0.0146662
0.0575127 0.0150898
0.0576964 0.0155848
0.0578802 0.0161392
0.0580639 0.0167463
0.0582477 0.0174072
0.0584314 0.0181359
0.0586152 0.0189646
0.0587989 0.0199376
0.0589827 0.0210892
0.0591664 0.0224308
0.0593502 0.0239685
0.0595339 0.0257355
0.0597177 0.0278066
0.0599014 0.0302783
0.0600851 0.0332382
0.0602689 0.0367667
0.0604526 0.0409737
0.0606364 0.0460414
0.0608201 0.0522406
0.0610039 0.0599246
0.0611876 0.0695318
0.0613714 0.0816075
0.0615551 0.096829
0.0617389 0.115975
0.0619226 0.139738
0.0621064 0.168232
0.0622901 0.200132
0.0624739 0.231771
0.0626576 0.257279
0.0628413 0.270511
0.0630251 0.267691
0.0632088 0.249299
0.0633926 0.220254
0.0635763 0.187405
0.0637601 0.156178
0.0639438 0.129252
0.0641276 0.107209
0.0643113 0.089598
0.0644951 0.0756412
0.0646788 0.064559
0.0648626 0.0556811
0.0650463 0.0484827
0.0652301 0.0425842
0.0654138 0.0377201
0.0655975 0.0336903
0.0657813 0.030325
0.065965 0.0274815
0.0661488 0.0250581
0.0663325 0.0229918
0.0665163 0.0212307
0.0667 0.0197086
0.0668838 0.0183537
0.0670675 0.0171192
0.0672513 0.0159956
0.067435 0.0149936
0.0676188 0.0141223
0.0678025 0.0133793
0.0679863 0.0127447
0.06817 0.0121824
0.0683537 0.011655
0.0685375 0.0111465
0.0687212 0.0106695
0.068905 0.0102447
0.0690887 0.00987096
0.0692725 0.00952009
0.0694562 0.00916411
0.06964 0.00880453
0.0698237 0.00846714
0.0700075 0.00816889
0.0701912 0.00790126
0.070375 0.00765138
0.0705587 0.00742439
0.0707425 0.00723091
0.0709262 0.00706074
0.0711099 0.00688575
0.0712937 0.00669083
0.0714774 0.00649108
0.0716612 0.00631505
0.0718449 0.00617775
0.0720287 0.0060741
0.0722124 0.0059938
0.0723962 0.00593066
0.0725799 0.00587161
0.0727637 0.00578887
0.0729474 0.00565573
0.0731312 0.00546935
0.0733149 0.00525714
0.0734987 0.00506179
0.0736824 0.00491556
0.0738661 0.00482563
0.0740499 0.00478236
0.0742336 0.00477621
0.0744174 0.00480553
0.0746011 0.0048725
0.0747849 0.00496992
0.0749686 0.00506984
0.0751524 0.00513243
0.0753361 0.00513153
0.0755199 0.0050682
0.0757036 0.00495602
0.0758874 0.00480253
0.0760711 0.00461565
0.0762549 0.00441986
0.0764386 0.00424938
0.0766223 0.00412113
0.0768061 0.00402253
0.0769898 0.00393285
0.0771736 0.00385502
0.0773573 0.00382187
0.0775411 0.00387129
0.0777248 0.0040118
0.0779086 0.00420527
0.0780923 0.00438331
0.0782761 0.00448787
0.0784598 0.00450222
0.0786436 0.004452
0.0788273 0.0043833
0.0790111 0.00433322
0.0791948 0.00431584
0.0793785 0.00433244
0.0795623 0.00438436
0.079746 0.00447256
0.0799298 0.0045907
0.0801135 0.00471877
0.0802973 0.00482489
0.080481 0.00488225
0.0806648 0.00488937
0.0808485 0.00487248
0.0810323 0.00487242
0.081216 0.00492989
0.0813998 0.00506773
0.0815835 0.00527839
0.0817673 0.00553833
0.081951 0.00584009
0.0821347 0.00619979
0.0823185 0.00662622
0.0825022 0.0070891
0.082686 0.00752996
0.0828697 0.00791588
0.0830535 0.00828281
0.0832372 0.00871485
0.083421 0.00927674
0.0836047 0.00997226
0.0837885 0.0107725
0.0839722 0.0116818
0.084156 0.0127677
0.0843397 0.0141292
0.0845234 0.0158481
0.0847072 0.0179699
0.0848909 0.0205196
0.0850747 0.0235414
0.0852584 0.027155
0.0854422 0.0315845
0.0856259 0.0371164
0.0858097 0.0439869
0.0859934 0.0522174
0.0861772 0.061426
0.0863609 0.070733
0.0865447 0.0790648
0.0867284 0.0859222
0.0869122 0.0917602
0.0870959 0.0972281
0.0872796 0.102161
0.0874634 0.105547
0.0876471 0.106231
0.0878309 0.10331
0.0880146 0.0963622
0.0881984 0.0860212
0.0883821 0.0740068
0.0885659 0.0621821
0.0887496 0.051717
0.0889334 0.0430142
0.0891171 0.0360196
0.0893009 0.0304713
0.0894846 0.0260273
0.0896684 0.0223646
0.0898521 0.0192709
0.0900358 0.0166739
0.0902196 0.0145753
0.0904033 0.012948
0.0905871 0.0116864
0.0907708 0.0106496
0.0909546 0.00974165
0.0911383 0.00893679
0.0913221 0.0082321
0.0915058 0.00759825
0.0916896 0.00699385
0.0918733 0.00641432
0.0920571 0.00590084
0.0922408 0.00549175
0.0924246 0.0051742
0.0926083 0.00489178
0.092792 0.00459483
0.0929758 0.00427327
0.0931595 0.00394159
0.0933433 0.00361066
0.093527 0.00329172
0.0937108 0.00301461
0.0938945 0.00281278
0.0940783 0.00268366
0.094262 0.00257847
0.0944458 0.00244412
0.0946295 0.00227789
0.0948133 0.00213453
0.094997 0.00207019
0.0951808 0.00208414
0.0953645 0.00212738
0.0955482 0.00215988
0.095732 0.00218041
0.0959157 0.00220436
0.0960995 0.00223184
0.0962832 0.0022437
0.096467 0.00222115
0.0966507 0.0021626
0.0968345 0.0020768
0.0970182 0.00195959
0.097202 0.00179147
0.0973857 0.00156887
0.0975695 0.00132735
0.0977532 0.00112808
0.097937 0.00103011
0.0981207 0.00106695
0.0983044 0.00122844
0.0984882 0.00145889
0.0986719 0.00167887
0.0988557 0.0018228
0.0990394 0.00186888
0.0992232 0.00183567
0.0994069 0.00175501
0.0995907 0.00165121
0.0997744 0.00153391
0.0999582 0.0013991
0.100142 0.001241
0.100326 0.00106821
0.100509 0.000905621
0.100693 0.000777016
0.100877 0.00068771
0.101061 0.000632567
0.101244 0.000619604
0.101428 0.0006654
0.101612 0.000761262
0.101796 0.000866192
0.101979 0.00095108
0.102163 0.00103648
0.102347 0.00116283
0.102531 0.0013219
0.102714 0.00143034
0.102898 0.00138568
0.103082 0.00116426
0.103266 0.000864074
0.103449 0.000636577
0.103633 0.000576036
0.103817 0.000679569
0.104001 0.00088934
0.104184 0.00115049
0.104368 0.00143826
0.104552 0.00173925
0.104736 0.00201622
0.104919 0.0022155
0.105103 0.0023168
0.105287 0.0023601
0.105471 0.00241297
0.105654 0.00252081
0.105838 0.00269526
0.106022 0.00293533
0.106206 0.00323833
0.106389 0.00358421
0.106573 0.00392718
0.106757 0.00423034
0.106941 0.00451479
0.107124 0.00485987
0.107308 0.00534697
0.107492 0.006013
0.107676 0.00687088
0.107859 0.00796787
0.108043 0.00939454
0.108227 0.0112208
0.108411 0.0134482
0.108594 0.0160326
0.108778 0.0188868
0.108962 0.0217805
0.109145 0.0242604
0.109329 0.0258449
0.109513 0.0264316
0.109697 0.0264322
0.10988 0.0264942
0.110064 0.0271653
0.110248 0.0286874
0.110432 0.0308782
0.110615 0.0331663
0.110799 0.0349561
0.110983 0.0361323
0.111167 0.0371256
0.11135 0.0384356
0.111534 0.0401518
0.111718 0.041885
0.111902 0.0431264
0.112085 0.0436105
0.112269 0.0431876
0.112453 0.0415327
0.112637 0.0383609
0.11282 0.0338973
0.113004 0.0288881
0.113188 0.0241463
0.113372 0.0201453
0.113555 0.0169475
0.113739 0.0143865
0.113923 0.0122885
0.114107 0.0105572
0.11429 0.00911761
0.114474 0.00786487
0.114658 0.00671136
0.114842 0.00565873
0.115025 0.00477531
0.115209 0.00408067
0.115393 0.00348737
0.115577 0.00288808
0.11576 0.00227791
0.115944 0.00176396
0.116128 0.00145892
0.116312 0.00137081
0.116495 0.00138911
0.116679 0.0013741
0.116863 0.00126472
0.117047 0.00110576
0.11723 0.000978464
0.117414 0.00091491
0.117598 0.000881307
0.117782 0.000835885
0.117965 0.000789997
0.118149 0.000795616
0.118333 0.000875968
0.118517 0.00100296
0.1187 0.0011442
0.118884 0.00128659
0.119068 0.00140586
0.119252 0.0014563
0.119435 0.00141064
0.119619 0.00128952
0.119803 0.00113523
0.119987 0.000964816
0.12017 0.000765919
0.120354 0.000541983
0.120538 0.000337913
0.120722 0.000195179
0.120905 8.74813e-05
0.121089 -6.72087e-05
0.121273 -0.00031648
0.121457 -0.0006196
0.12164 -0.000899769
0.121824 -0.00111666
0.122008 -0.00125496
0.122192 -0.00126673
0.122375 -0.00107676
0.122559 -0.000665815
0.122743 -0.000132364
0.122926 0.000348227
0.12311 0.000627662
0.123294 0.000655437
0.123478 0.000477451
0.123661 0.000188474
0.123845 -0.000117818
0.124029 -0.000378864
0.124213 -0.000579379
0.124396 -0.000744145
0.12458 -0.000897555
0.124764 -0.00103435
0.124948 -0.00113893
0.125131 -0.0012191
0.125315 -0.00130079
0.125499 -0.00138191
0.125683 -0.00140357
0.125866 -0.00130209
0.12605 -0.00110203
0.126234 -0.000917862
0.126418 -0.000841981
0.126601 -0.000854151
0.126785 -0.000840863
0.126969 -0.000673653
0.127153 -0.000285865
0.127336 0.000267071
0.12752 0.000816985
0.127704 0.0012024
0.127888 0.00139875
0.128071 0.00152125
0.128255 0.00170491
0.128439 0.00199274
0.128623 0.00234555
0.128806 0.00274605
0.12899 0.00325157
0.129174 0.00391534
0.129358 0.00468722
0.129541 0.00544912
0.129725 0.0061582
0.129909 0.00689585
0.130093 0.00770405
0.130276 0.00840088
0.13046 0.00867792
0.130644 0.00840975
0.130828 0.00777926
0.131011 0.0071104
0.131195 0.00666241
0.131379 0.00655597
0.131563 0.00680364
0.131746 0.00736676
0.13193 0.00819397
0.132114 0.00923154
0.132298 0.0103922
0.132481 0.0114905
0.132665 0.0122528
0.132849 0.0124894
0.133033 0.0122538
0.133216 0.0117894
0.1334 0.0113916
0.133584 0.0113379
0.133768 0.0118057
0.133951 0.0127595
0.134135 0.0139245
0.134319 0.0148997
0.134503 0.0153975
0.134686 0.0154842
0.13487 0.0155495
0.135054 0.0159708
0.135238 0.0168472
0.135421 0.0180094
0.135605 0.0191632
0.135789 0.0200449
0.135973 0.0205571
0.136156 0.0207433
0.13634 0.0205748
0.136524 0.0198479
0.136707 0.0183808
0.136891 0.0162746
0.137075 0.0138942
0.137259 0.0115997
0.137442 0.00954731
0.137626 0.00774215
0.13781 0.00620561
0.137994 0.00502409
0.138177 0.00422974
0.138361 0.00367882
0.138545 0.00310544
0.138729 0.00232318
0.138912 0.00136673
0.139096 0.000429171
0.13928 -0.000322476
0.139464 -0.000858174
0.139647 -0.0012458
0.139831 -0.00154352
0.140015 -0.00174343
0.140199 -0.00180779
0.140382 -0.0017041
0.140566 -0.00137785
0.14075 -0.000778128
0.140934 8.10599e-06
0.141117 0.000694078
0.141301 0.000951975
0.141485 0.000660979
0.141669 -6.90883e-07
0.141852 -0.000696508
0.142036 -0.0011691
0.14222 -0.00137394
0.142404 -0.00142213
0.142587 -0.00142927
0.142771 -0.00143838
0.142955 -0.00145148
0.143139 -0.00146707
0.143322 -0.00147307
0.143506 -0.00143304
0.14369 -0.00130596
0.143874 -0.00110101
0.144057 -0.000908177
0.144241 -0.000844945
0.144425 -0.000953719
0.144609 -0.00114934
0.144792 -0.00128054
0.144976 -0.00125925
0.14516 -0.00112552
0.145344 -0.000982705
0.145527 -0.00089721
0.145711 -0.000872943
0.145895 -0.000891531
0.146079 -0.000951609
0.146262 -0.00106617
0.146446 -0.00123641
0.14663 -0.00144239
0.146814 -0.00164487
0.146997 -0.00178213
0.147181 -0.0017923
0.147365 -0.00166829
0.147549 -0.00147547
0.147732 -0.00129592
0.147916 -0.00117045
0.1481 -0.00109413
0.148284 -0.00102897
0.148467 -0.000897006
0.148651 -0.000587117
0.148835 -1.22966e-05
0.149019 0.000816155
0.149202 0.00175337
0.149386 0.00256873
0.14957 0.00307324
0.149754 0.003226
0.149937 0.00311288
0.150121 0.00284891
0.150305 0.00255056
0.150488 0.0023571
0.150672 0.00237526
0.150856 0.00258049
0.15104 0.00282146
0.151223 0.00296084
0.151407 0.00300631
0.151591 0.00307702
0.151775 0.00324658
0.151958 0.00345149
0.152142 0.00356907
0.152326 0.00355429
0.15251 0.0034664
0.152693 0.0033682
0.152877 0.00322277
0.153061 0.0029102
0.153245 0.00234035
0.153428 0.00154503
0.153612 0.000704211
0.153796 7.61029e-05
0.15398 -0.00016867
0.154163 -6.36466e-05
0.154347 0.000228399
0.154531 0.000611262
0.154715 0.00116034
0.154898 0.00202176
0.155082 0.00319107
0.155266 0.00440124
0.15545 0.0052738
0.155633 0.00560012
0.155817 0.00547937
0.156001 0.00518931
0.156185 0.00493184
0.156368 0.0047192
0.156552 0.0044835
0.156736 0.00424846
0.15692 0.00416733
0.157103 0.00439785
0.157287 0.00494906
0.157471 0.00563329
0.157655 0.00616555
0.157838 0.0063725
0.158022 0.00634698
0.158206 0.00635915
0.15839 0.00662579
0.158573 0.0072102
0.158757 0.00807507
0.158941 0.00911727
0.159125 0.0101474
0.159308 0.0109228
0.159492 0.0112765
0.159676 0.0112034
0.15986 0.0107896
0.160043 0.010086
0.160227 0.00909901
0.160411 0.00789187
0.160595 0.00661879
0.160778 0.00542681
0.160962 0.00435495
0.161146 0.0033531
0.16133 0.00239147
0.161513 0.00151999
0.161697 0.000818439
0.161881 0.000330712
0.162065 4.8278e-05
0.162248 -9.05268e-05
0.162432 -0.000189974
0.162616 -0.000340505
0.1628 -0.000562712
0.162983 -0.000828462
0.163167 -0.00112596
0.163351 -0.00147889
0.163535 -0.0018816
0.163718 -0.00221215
0.163902 -0.00226972
0.164086 -0.00196957
0.164269 -0.00146455
0.164453 -0.000999518
0.164637 -0.000674313
0.164821 -0.00041001
0.165004 -0.000108225
0.165188 0.000217589
0.165372 0.000470347
0.165556 0.00060268
0.165739 0.000680503
0.165923 0.000794266
0.166107 0.000952267
0.166291 0.00110122
0.166474 0.00121438
0.166658 0.00130593
0.166842 0.00137063
0.167026 0.00136403
0.167209 0.00125936
0.167393 0.00108829
0.167577 0.000889021
0.167761 0.000629154
0.167944 0.00022102
0.168128 -0.000364266
0.168312 -0.00101597
0.168496 -0.00155451
0.168679 -0.00189306
0.168863 -0.0021202
0.169047 -0.00240616
0.169231 -0.00281801
0.169414 -0.00324125
0.169598 -0.00348371
0.169782 -0.00345194
0.169966 -0.00324568
0.170149 -0.00306731
0.170333 -0.00300417
0.170517 -0.00292244
0.170701 -0.00260954
0.170884 -0.00201066
0.171068 -0.00131788
0.171252 -0.000811208
0.171436 -0.000587337
0.171619 -0.000466862
0.171803 -0.00018407
0.171987 0.000364444
0.172171 0.00106974
0.172354 0.00174346
0.172538 0.00223504
0.172722 0.00244804
0.172906 0.00232561
0.173089 0.001876
0.173273 0.0012285
0.173457 0.000635901
0.173641 0.000353235
0.173824 0.000455759
0.174008 0.000774768
0.174192 0.00103501
0.174376 0.00106599
0.174559 0.000904165
0.174743 0.000716813
0.174927 0.000636883
0.175111 0.000662293
0.175294 0.000678467
0.175478 0.000564335
0.175662 0.000284079
0.175846 -0.000115114
0.176029 -0.000548656
0.176213 -0.000900538
0.176397 -0.00101915
0.176581 -0.000777602
0.176764 -0.000173611
0.176948 0.000636645
0.177132 0.00143369
0.177315 0.00207546
0.177499 0.00251715
0.177683 0.00270409
0.177867 0.0025292
0.17805 0.00195615
0.178234 0.00114832
0.178418 0.00040817
0.178602 -6.82582e-07
0.178785 3.27455e-05
0.178969 0.000447593
0.179153 0.0010764
0.179337 0.00176931
0.17952 0.00245262
0.179704 0.00306854
0.179888 0.0035358
0.180072 0.00380697
0.180255 0.00391582
0.180439 0.00396422
0.180623 0.00407247
0.180807 0.00428985
0.18099 0.0045495
0.181174 0.00475313
0.181358 0.00490269
0.181542 0.00513057
0.181725 0.00557128
0.181909 0.00619757
0.182093 0.00681998
0.182277 0.00727107
0.18246 0.00754398
0.182644 0.00770932
0.182828 0.00774144
0.183012 0.00748657
0.183195 0.00680623
0.183379 0.00571127
0.183563 0.0043364
0.183747 0.0028214
0.18393 0.00124993
0.184114 -0.000308463
0.184298 -0.00174703
0.184482 -0.00295587
0.184665 -0.00387868
0.184849 -0.00449806
0.185033 -0.00477596
0.185217 -0.00466052
0.1854 -0.00418849
0.185584 -0.00352269
0.185768 -0.00281177
0.185952 -0.00205339
0.186135 -0.00117285
0.186319 -0.000204262
0.186503 0.000661542
0.186687 0.00119822
0.18687 0.00131969
0.187054 0.00116233
0.187238 0.000964998
0.187422 0.000832899
0.187605 0.000657594
0.187789 0.000298827
0.187973 -0.000214601
0.188157 -0.00068439
0.18834 -0.000894617
0.188524 -0.000765683
0.188708 -0.000387989
0.188892 6.77465e-05
0.189075 0.000438611
0.189259 0.000587567
0.189443 0.00040866
0.189627 -0.000142184
0.18981 -0.00101153
0.189994 -0.00202406
0.190178 -0.00290945
0.190362 -0.00341302
0.190545 -0.00342016
0.190729 -0.0030098
0.190913 -0.00242239
0.191096 -0.00195955
0.19128 -0.00185579
0.191464 -0.00217694
0.191648 -0.00279458
0.191831 -0.00347108
0.192015 -0.00400298
0.192199 -0.00430925
0.192383 -0.00444799
0.192566 -0.00458003
0.19275 -0.00482391
0.192934 -0.00508819
0.193118 -0.00510452
0.193301 -0.00466386
0.193485 -0.00380168
0.193669 -0.00276015
0.193853 -0.00182132
0.194036 -0.00116776
0.19422 -0.000828341
0.194404 -0.000723144
0.194588 -0.00075058
0.194771 -0.000810879
0.194955 -0.000785575
0.195139 -0.000563766
0.195323 -0.000104646
0.195506 0.000517351
0.19569 0.00110969
0.195874 0.00143703
0.196058 0.00135313
0.196241 0.000897048
0.196425 0.000292653
0.196609 -0.00018094
0.196793 -0.000387619
0.196976 -0.000430569
0.19716 -0.00054604
0.197344 -0.000890658
0.197528 -0.00142804
0.197711 -0.00200701
0.197895 -0.00251087
0.198079 -0.00290626
0.198263 -0.00315757
0.198446 -0.00314308
0.19863 -0.00272529
0.198814 -0.00193639
0.198998 -0.00104645
0.199181 -0.000371248
0.199365 -1.95977e-05
0.199549 0.000114405
0.199733 0.000123856
0.199916 -5.89484e-05
0.2001 -0.000549425
0.200284 -0.00129596
0.200468 -0.00199881
0.200651 -0.00226352
0.200835 -0.00191191
0.201019 -0.00115479
0.201203 -0.000391935
0.201386 0.000143808
0.20157 0.000478797
0.201754 0.000690202
0.201938 0.000741499
0.202121 0.000565822
0.202305 0.000248859
0.202489 4.75376e-05
0.202673 0.000195175
0.202856 0.000718407
0.20304 0.00147653
0.203224 0.00234713
0.203408 0.00330325
0.203591 0.00431997
0.203775 0.00530553
0.203959 0.00613934
0.204143 0.00669768
0.204326 0.00683608
0.20451 0.0064176
0.204694 0.00541566
0.204877 0.00402593
0.205061 0.00265664
0.205245 0.00169424
0.205429 0.00120819
0.205612 0.000911267
0.205796 0.000429417
0.20598 -0.000371278
0.206164 -0.00129078
0.206347 -0.00201805
0.206531 -0.00245127
0.206715 -0.00279608
0.206899 -0.00333838
0.207082 -0.0041281
0.207266 -0.00493035
0.20745 -0.00550319
0.207634 -0.00585206
0.207817 -0.00614264
0.208001 -0.00641074
0.208185 -0.00645234
0.208369 -0.00603296
0.208552 -0.00517197
0.208736 -0.0041515
0.20892 -0.00322388
0.209104 -0.00238457
0.209287 -0.0015021
0.209471 -0.000603562
0.209655 0.000118538
0.209839 0.00057167
0.210022 0.000890027
0.210206 0.00125905
0.21039 0.00167387
0.210574 0.00192222
0.210757 0.00182153
0.210941 0.0014112
0.211125 0.000841339
0.211309 0.00013895
0.211492 -0.000803377
0.211676 -0.00201927
0.21186 -0.0033252
0.212044 -0.0044045
0.212227 -0.00502503
0.212411 -0.00520074
0.212595 -0.0051636
0.212779 -0.00513656
0.212962 -0.00510441
0.213146 -0.00481596
0.21333 -0.00401708
0.213514 -0.00274131
0.213697 -0.00143141
0.213881 -0.000716305
0.214065 -0.000965212
0.214249 -0.0020139
0.214432 -0.00331325
0.214616 -0.00433267
0.2148 -0.00482624
0.214984 -0.00479892
0.215167 -0.00436261
0.215351 -0.00367752
0.215535 -0.00294524
0.215719 -0.00238232
0.215902 -0.00216021
0.216086 -0.00229699
0.21627 -0.00260541
0.216454 -0.00281693
0.216637 -0.00277214
0.216821 -0.00248925
0.217005 -0.00209103
0.217189 -0.00165886
0.217372 -0.00112256
0.217556 -0.000341778
0.21774 0.000690586
0.217924 0.00180915
0.218107 0.00282636
0.218291 0.0036108
0.218475 0.0040105
0.218658 0.00384589
0.218842 0.00310134
0.219026 0.00207744
0.21921 0.00123447
0.219393 0.000829779
0.219577 0.000749582
0.219761 0.000734519
0.219945 0.000684218
0.220128 0.00064365
0.220312 0.000577558
