0.432738 0 0.190199 7.29028e-05 -0.111118 -0.0048304 -0.0414809 0.00132135 0.0952715 0.00158341 0.343855 0.0024119 -0.134019 -0.00192555 -0.0677996 -1.53257e-07 0.0907204 0.0037397 0.130544 0.00324646 0.131475 0.00324676 0.148398 0.00565838 0.0956647 0.00158356 
0.190199 -7.29028e-05 0.346007 0 0.233363 -0.00236027 0.0606599 -0.00158313 0.00992084 -0.00134021 0.0295794 0.00158367 -0.0125017 0.00190419 -0.0987037 0.000559344 -0.110787 -0.000320088 -0.0254592 -0.00292807 0.263669 -0.00356057 0.103133 -0.00190409 0.0101469 -0.00134047 
-0.111118 0.0048304 0.233363 0.00236027 0.830378 0 0.393548 -0.00282114 0.0485316 0.00032026 -0.218663 0.00649087 0.456175 0.00716003 -0.112191 0.0048301 -0.441476 0.000348487 -0.174817 -0.00515097 -0.173744 -0.00515036 -0.281289 -0.00348978 0.048532 0.000320564 
-0.0414809 -0.00132135 0.0606599 0.00158313 0.393548 0.00282114 0.398616 0 0.189971 -0.00258833 -0.021525 -0.00158367 0.0973528 0.00324648 -0.0410267 -0.000687754 -0.0559152 -0.00324658 0.154657 -0.00393465 -0.134246 -0.00456783 -0.219869 -0.00483057 -0.0984769 -0.0025879 
0.0952715 -0.00158341 0.00992084 0.00134021 0.0485316 -0.00032026 0.189971 0.00258833 0.380716 0 0.292454 -0.000913186 -0.0250057 -0.000899748 0.095128 -0.00158356 0.0393852 0.000654802 0.0215736 0.0019039 0.0221111 0.0019042 -0.0692379 0.00257381 -0.11889 1.51999e-07 
0.343855 -0.0024119 0.0295794 -0.00158367 -0.218663 -0.00649087 -0.021525 0.00158367 0.292454 0.000913186 0.459677 0 -0.146316 -0.00515066 0.0554062 -0.00209544 0.136722 0.00356721 0.0747001 0.00463852 0.0749272 0.0043226 0.0852522 0.00673412 0.00423243 0.00091373 
-0.134019 0.00192555 -0.0125017 -0.00190419 0.456175 -0.00716003 0.0973528 -0.00324648 -0.0250057 0.000899748 -0.146316 0.00515066 0.534403 0 0.15443 0.00255846 -0.192095 0.0032469 -0.177123 -0.00068777 -0.177351 -0.0013216 -0.0841513 0.00190376 0.263215 0.000898835 
-0.0677996 1.53257e-07 -0.0987037 -0.000559344 -0.112191 -0.0048301 -0.0410267 0.000687754 0.095128 0.00158356 0.0554062 0.00209544 0.15443 -0.00255846 0.431665 0 0.379623 0.00342256 0.130402 0.00324661 0.130545 0.00324692 0.147944 0.0053426 0.0947352 0.00158372 
0.0907204 -0.0037397 -0.110787 0.000320088 -0.441476 -0.000348487 -0.0559152 0.00324658 0.0393852 -0.000654802 0.136722 -0.00356721 -0.192095 -0.0032469 0.379623 -0.00342256 0.719182 0 0.51572 0.00307087 0.22659 0.00275361 0.27251 0.00292606 0.0391586 -0.000654919 
0.130544 -0.00324646 -0.0254592 0.00292807 -0.174817 0.00515097 0.154657 0.00393465 0.0215736 -0.0019039 0.0747001 -0.00463852 -0.177123 0.00068777 0.130402 -0.00324661 0.51572 -0.00307087 0.567844 0 0.0679876 3.04334e-07 0.117806 -0.00139203 0.0215746 -0.00190374 
0.131475 -0.00324676 0.263669 0.00356057 -0.173744 0.00515036 -0.134246 0.00456783 0.0221111 -0.0019042 0.0749272 -0.0043226 -0.177351 0.0013216 0.130545 -0.00324692 0.22659 -0.00275361 0.0679876 -3.04334e-07 0.568917 0 0.406707 -0.00107545 0.0221104 -0.00190406 
0.148398 -0.00565838 0.103133 0.00190409 -0.281289 0.00348978 -0.219869 0.00483057 -0.0692379 -0.00257381 0.0852522 -0.00673412 -0.0841513 -0.00190376 0.147944 -0.0053426 0.27251 -0.00292606 0.117806 0.00139203 0.406707 0.00107545 0.449141 0 0.21921 -0.00257461 
0.0956647 -0.00158356 0.0101469 0.00134047 0.048532 -0.000320564 -0.0984769 0.0025879 -0.11889 -1.51999e-07 0.00423243 -0.00091373 0.263215 -0.000898835 0.0947352 -0.00158372 0.0391586 0.000654919 0.0215746 0.00190374 0.0221104 0.00190406 0.21921 0.00257461 0.380717 0 
