# mu corr_flux alpha_flux mean_rel_peak max_rel_peak mean_ratio_peak rms_flux_peak dynamic_range mean_rel_curl_peak
2.30 5.529779e-01 8.043838e-01 1.056000e+00 1.056001e+00 2.056000e+00 1.368393e-08 1.236678e+01 1.056000e+00
2.31 5.526967e-01 8.028331e-01 1.056000e+00 1.056001e+00 2.056000e+00 1.368393e-08 1.230386e+01 1.056000e+00
2.32 5.549274e-01 8.125178e-01 1.056000e+00 1.056001e+00 2.056000e+00 1.368393e-08 1.266691e+01 1.056000e+00
2.33 5.549990e-01 8.131789e-01 1.056000e+00 1.056001e+00 2.056000e+00 1.368393e-08 1.289877e+01 1.056000e+00
2.34 5.533789e-01 8.057962e-01 1.056000e+00 1.056001e+00 2.056000e+00 1.368393e-08 1.302450e+01 1.056000e+00
2.35 5.539935e-01 8.086884e-01 1.056000e+00 1.056001e+00 2.056000e+00 1.368393e-08 1.267421e+01 1.056000e+00
2.36 5.540054e-01 8.087349e-01 1.056000e+00 1.056001e+00 2.056000e+00 1.368393e-08 1.254232e+01 1.056000e+00
2.37 5.529070e-01 8.037653e-01 1.055998e+00 1.056000e+00 2.055998e+00 1.368391e-08 1.237803e+01 1.055998e+00
2.38 5.533148e-01 8.060414e-01 1.055998e+00 1.056000e+00 2.055998e+00 1.368391e-08 1.256120e+01 1.055998e+00
2.39 5.542357e-01 8.101490e-01 1.055999e+00 1.056001e+00 2.055999e+00 1.368392e-08 1.280638e+01 1.055999e+00
2.40 5.542463e-01 8.110240e-01 1.055999e+00 1.055999e+00 2.055999e+00 1.368392e-08 1.286924e+01 1.055999e+00
2.41 5.521365e-01 8.000872e-01 1.055998e+00 1.056000e+00 2.055998e+00 1.368391e-08 1.267590e+01 1.055998e+00
2.42 5.539007e-01 8.085083e-01 1.055998e+00 1.056000e+00 2.055998e+00 1.368391e-08 1.286384e+01 1.055998e+00
2.43 5.539006e-01 8.084193e-01 1.056000e+00 1.056001e+00 2.056000e+00 1.368393e-08 1.304144e+01 1.056000e+00
2.44 5.532669e-01 8.060434e-01 1.055998e+00 1.056002e+00 2.055998e+00 1.368392e-08 1.258221e+01 1.055998e+00
2.45 5.524634e-01 8.028011e-01 1.055985e+00 1.055986e+00 2.055985e+00 1.368377e-08 1.287623e+01 1.055985e+00
2.46 5.524234e-01 8.026360e-01 1.055987e+00 1.055988e+00 2.055987e+00 1.368378e-08 1.262440e+01 1.055987e+00
2.47 5.546637e-01 8.121781e-01 1.055993e+00 1.055994e+00 2.055993e+00 1.368383e-08 1.266304e+01 1.055993e+00
2.48 5.525084e-01 8.025876e-01 1.056008e+00 1.056009e+00 2.056008e+00 1.368404e-08 1.256822e+01 1.056008e+00
2.49 5.511949e-01 8.009161e-01 1.056013e+00 1.056014e+00 2.056013e+00 1.368410e-08 1.284532e+01 1.056013e+00
2.50 5.534787e-01 8.104460e-01 1.056017e+00 1.056017e+00 2.056017e+00 1.368416e-08 1.278154e+01 1.056017e+00
2.51 5.530773e-01 8.091558e-01 1.056032e+00 1.056034e+00 2.056032e+00 1.368433e-08 1.292672e+01 1.056032e+00
2.52 5.487351e-01 7.897989e-01 1.056038e+00 1.056040e+00 2.056038e+00 1.368438e-08 1.236616e+01 1.056038e+00
2.53 5.498571e-01 8.000842e-01 1.056074e+00 1.056075e+00 2.056074e+00 1.368483e-08 1.247617e+01 1.056074e+00
2.54 5.528833e-01 8.035556e-01 1.056102e+00 1.056102e+00 2.056102e+00 1.368513e-08 1.222280e+01 1.056102e+00
2.55 5.537093e-01 8.090483e-01 1.056165e+00 1.056173e+00 2.056165e+00 1.368589e-08 1.269309e+01 1.056165e+00
2.56 5.522516e-01 8.024432e-01 1.056250e+00 1.056251e+00 2.056250e+00 1.368693e-08 1.271995e+01 1.056250e+00
2.57 5.502892e-01 8.011472e-01 1.056369e+00 1.056369e+00 2.056369e+00 1.368835e-08 1.280006e+01 1.056369e+00
2.58 5.507903e-01 8.036261e-01 1.056569e+00 1.056569e+00 2.056569e+00 1.369078e-08 1.236645e+01 1.056569e+00
2.59 5.499901e-01 7.987852e-01 1.056833e+00 1.056833e+00 2.056833e+00 1.369393e-08 1.240692e+01 1.056833e+00
2.60 5.521980e-01 7.961285e-01 1.057236e+00 1.057236e+00 2.057236e+00 1.369875e-08 1.267886e+01 1.057236e+00
2.61 5.540098e-01 8.089811e-01 1.057825e+00 1.057825e+00 2.057825e+00 1.370583e-08 1.246121e+01 1.057825e+00
2.62 5.480071e-01 7.922100e-01 1.059754e+00 1.059755e+00 2.059754e+00 1.373080e-08 1.257569e+01 1.059754e+00
2.63 5.537597e-01 8.061725e-01 1.072577e+00 1.072577e+00 2.072577e+00 1.389793e-08 1.272635e+01 1.072577e+00
2.64 5.504967e-01 7.944640e-01 1.092366e+00 1.092366e+00 2.092366e+00 1.413007e-08 1.260723e+01 1.092366e+00
2.65 5.538874e-01 8.043727e-01 1.123644e+00 1.123644e+00 2.123644e+00 1.444007e-08 1.225099e+01 1.123644e+00
2.66 5.493213e-01 7.870176e-01 1.112926e+00 1.112927e+00 2.112926e+00 1.433322e-08 1.264296e+01 1.112926e+00
2.67 5.486081e-01 7.867703e-01 5.857577e-01 5.857578e-01 4.142423e-01 7.256961e-09 1.149505e+01 5.857577e-01
2.68 5.462222e-01 7.742993e-01 1.121913e+00 1.121913e+00 2.121913e+00 1.440029e-08 1.192206e+01 1.121913e+00
2.69 5.421362e-01 7.560217e-01 5.840343e-01 5.840344e-01 4.159657e-01 7.221793e-09 1.116692e+01 5.840343e-01
2.70 5.409277e-01 7.496176e-01 5.825135e-01 5.825136e-01 4.174865e-01 7.191078e-09 1.089872e+01 5.825135e-01
2.71 5.327916e-01 7.068831e-01 5.803291e-01 5.803292e-01 4.196709e-01 7.146921e-09 1.039058e+01 5.803291e-01
2.72 5.252222e-01 6.597521e-01 1.049397e+00 1.049398e+00 2.049397e+00 1.331306e-08 9.686171e+00 1.049397e+00
2.73 5.223321e-01 6.284093e-01 1.195035e+00 1.195035e+00 2.195035e+00 1.474220e-08 8.893123e+00 1.195035e+00
2.74 5.247488e-01 5.930815e-01 5.661125e-01 5.661127e-01 4.338875e-01 6.865347e-09 8.032246e+00 5.661125e-01
2.75 5.358218e-01 5.480981e-01 5.570931e-01 5.570933e-01 4.429069e-01 6.691031e-09 7.174845e+00 5.570931e-01
2.76 5.642174e-01 5.280216e-01 5.447543e-01 5.447546e-01 4.552457e-01 6.458183e-09 6.546835e+00 5.447543e-01
2.77 6.203136e-01 5.245618e-01 2.358652e-01 2.358665e-01 7.641348e-01 2.857126e-09 5.834969e+00 2.358652e-01
2.78 6.941790e-01 5.449994e-01 9.083288e-02 9.083346e-02 1.090833e+00 1.245654e-09 5.894071e+00 9.083288e-02
2.79 7.732771e-01 5.842307e-01 3.270426e-01 3.270438e-01 6.729574e-01 5.640139e-09 7.352048e+00 3.270426e-01
2.80 7.877317e-01 6.689501e-01 6.566833e-02 6.566981e-02 9.343317e-01 9.742879e-10 5.617749e+00 6.566833e-02
2.81 7.184962e-01 1.000875e+00 4.245133e-01 4.245134e-01 5.754867e-01 4.468996e-09 8.219878e+00 4.245133e-01
2.82 8.674328e-01 7.506736e-01 1.246604e-01 1.246604e-01 8.753396e-01 1.533477e-09 5.396942e+00 1.246604e-01
2.83 9.453042e-01 7.490436e-01 1.722157e-01 1.722185e-01 8.277843e-01 3.384665e-09 6.528421e+00 1.722157e-01
2.84 9.627867e-01 7.733949e-01 2.948815e-01 2.948827e-01 7.051185e-01 6.189873e-09 6.199219e+00 2.948815e-01
2.85 9.775430e-01 7.941164e-01 2.914981e-01 2.915015e-01 7.085019e-01 6.716492e-09 6.684946e+00 2.914981e-01
2.86 9.851422e-01 8.084926e-01 1.654564e-01 1.654595e-01 8.345436e-01 3.924762e-09 6.688264e+00 1.654564e-01
2.87 9.871859e-01 8.183847e-01 1.987439e-01 1.987461e-01 8.012561e-01 5.271044e-09 7.464196e+00 1.987439e-01
2.88 9.869261e-01 8.251171e-01 2.726519e-01 2.726523e-01 7.273481e-01 6.898218e-09 7.309745e+00 2.726519e-01
2.89 9.872505e-01 8.296760e-01 1.398117e-01 1.398142e-01 8.601883e-01 3.732672e-09 7.514698e+00 1.398117e-01
2.90 9.869228e-01 8.327610e-01 1.084667e-01 1.084672e-01 8.915333e-01 2.794364e-09 7.249819e+00 1.084667e-01
2.91 9.862849e-01 8.343752e-01 1.839898e-01 1.839899e-01 8.160102e-01 4.648391e-09 7.160822e+00 1.839898e-01
2.92 9.870632e-01 8.361438e-01 1.708389e-01 1.708393e-01 8.291611e-01 4.537927e-09 7.398194e+00 1.708389e-01
2.93 9.871502e-01 8.370532e-01 1.628839e-01 1.628862e-01 8.371161e-01 4.434508e-09 7.485339e+00 1.628839e-01
2.94 9.861319e-01 8.367683e-01 2.252923e-01 2.252951e-01 7.747077e-01 5.761611e-09 7.159862e+00 2.252923e-01
2.95 9.864684e-01 8.375047e-01 1.289759e-01 1.289764e-01 8.710241e-01 3.345450e-09 7.305329e+00 1.289759e-01
2.96 9.868418e-01 8.378130e-01 1.167981e-01 1.167988e-01 8.832019e-01 3.161058e-09 7.581672e+00 1.167981e-01
2.97 9.863790e-01 8.376034e-01 1.215122e-01 1.215130e-01 8.784878e-01 3.232005e-09 7.551633e+00 1.215122e-01
2.98 9.858096e-01 8.373962e-01 1.215940e-01 1.215949e-01 8.784060e-01 3.122905e-09 7.359860e+00 1.215940e-01
2.99 9.861909e-01 8.378619e-01 2.075559e-01 2.075585e-01 7.924441e-01 5.538814e-09 7.516421e+00 2.075559e-01
3.00 9.857542e-01 8.373985e-01 1.919961e-01 1.920012e-01 8.080039e-01 4.965367e-09 7.266116e+00 1.919961e-01
3.01 9.865234e-01 8.379397e-01 1.469925e-01 1.469927e-01 8.530075e-01 3.953773e-09 7.575448e+00 1.469925e-01
3.02 9.866967e-01 8.380463e-01 2.091282e-01 2.091309e-01 7.908718e-01 5.523020e-09 7.426836e+00 2.091282e-01
3.03 9.870112e-01 8.382104e-01 1.316357e-01 1.316363e-01 8.683643e-01 3.651156e-09 7.864083e+00 1.316357e-01
3.04 9.869990e-01 8.382817e-01 1.318871e-01 1.318878e-01 8.681129e-01 3.668514e-09 7.912758e+00 1.318871e-01
3.05 9.867693e-01 8.381731e-01 1.979190e-01 1.979202e-01 8.020810e-01 5.557663e-09 7.847085e+00 1.979190e-01
3.06 9.863800e-01 8.378321e-01 1.928708e-01 1.928714e-01 8.071292e-01 5.204991e-09 7.516709e+00 1.928708e-01
3.07 9.862725e-01 8.377351e-01 1.845315e-01 1.845326e-01 8.154685e-01 5.060764e-09 7.866844e+00 1.845315e-01
3.08 9.868748e-01 8.381559e-01 1.292993e-01 1.292998e-01 8.707007e-01 3.572848e-09 7.759562e+00 1.292993e-01
3.09 9.866765e-01 8.381028e-01 1.294115e-01 1.294117e-01 8.705885e-01 3.525395e-09 7.650557e+00 1.294115e-01
3.10 9.867095e-01 8.380408e-01 1.290528e-01 1.290536e-01 8.709472e-01 3.590742e-09 7.908541e+00 1.290528e-01
3.11 9.866490e-01 8.381020e-01 1.962270e-01 1.962279e-01 8.037730e-01 5.283374e-09 7.634724e+00 1.962270e-01
3.12 9.860788e-01 8.377056e-01 1.320455e-01 1.320484e-01 8.679545e-01 3.416873e-09 7.392544e+00 1.320455e-01
3.13 9.861640e-01 8.377306e-01 1.529586e-01 1.529593e-01 8.470414e-01 4.053142e-09 7.515536e+00 1.529586e-01
3.14 9.866570e-01 8.380566e-01 1.296349e-01 1.296373e-01 8.703651e-01 3.565749e-09 7.846086e+00 1.296349e-01
3.15 9.862200e-01 8.377654e-01 1.523230e-01 1.523262e-01 8.476770e-01 4.163767e-09 7.886802e+00 1.523230e-01
3.16 9.863860e-01 8.378787e-01 1.332598e-01 1.332614e-01 8.667402e-01 3.532776e-09 7.514080e+00 1.332598e-01
3.17 9.861982e-01 8.376904e-01 1.943853e-01 1.943879e-01 8.056147e-01 5.146514e-09 7.516712e+00 1.943853e-01
3.18 9.864009e-01 8.377970e-01 2.064896e-01 2.064924e-01 7.935104e-01 5.462959e-09 7.519699e+00 2.064896e-01
3.19 9.866355e-01 8.379728e-01 1.283686e-01 1.283693e-01 8.716314e-01 3.535104e-09 7.775044e+00 1.283686e-01
3.20 9.861840e-01 8.378485e-01 1.517274e-01 1.517327e-01 8.482726e-01 4.258056e-09 7.967396e+00 1.517274e-01
3.21 9.863047e-01 8.378742e-01 1.301621e-01 1.301667e-01 8.698379e-01 3.527434e-09 7.649512e+00 1.301621e-01
3.22 9.860614e-01 8.376622e-01 1.194777e-01 1.194792e-01 8.805223e-01 3.120162e-09 7.459198e+00 1.194777e-01
3.23 9.861294e-01 8.377391e-01 1.529121e-01 1.529125e-01 8.470879e-01 4.033247e-09 7.459674e+00 1.529121e-01
3.24 9.866248e-01 8.380189e-01 1.890759e-01 1.890785e-01 8.109241e-01 5.130532e-09 7.646259e+00 1.890759e-01
3.25 9.863956e-01 8.378945e-01 2.384165e-01 2.384175e-01 7.615835e-01 6.286229e-09 7.404446e+00 2.384165e-01
3.26 9.865836e-01 8.380677e-01 1.456340e-01 1.456350e-01 8.543660e-01 3.893094e-09 7.716074e+00 1.456340e-01
3.27 9.865035e-01 8.379584e-01 1.580938e-01 1.580966e-01 8.419062e-01 4.254464e-09 7.584717e+00 1.580938e-01
3.28 9.867134e-01 8.381192e-01 1.957774e-01 1.957801e-01 8.042226e-01 5.261718e-09 7.800003e+00 1.957774e-01
3.29 9.866685e-01 8.380135e-01 1.279422e-01 1.279425e-01 8.720578e-01 3.474816e-09 7.715668e+00 1.279422e-01
3.30 9.867001e-01 8.380079e-01 1.281090e-01 1.281100e-01 8.718910e-01 3.488802e-09 7.747880e+00 1.281090e-01
3.31 9.867695e-01 8.381089e-01 1.282235e-01 1.282261e-01 8.717765e-01 3.497835e-09 7.801484e+00 1.282235e-01
3.32 9.867228e-01 8.381267e-01 1.283112e-01 1.283126e-01 8.716888e-01 3.504006e-09 7.795208e+00 1.283112e-01
3.33 9.868028e-01 8.381616e-01 1.283649e-01 1.283688e-01 8.716351e-01 3.507976e-09 7.688952e+00 1.283649e-01
3.34 9.867826e-01 8.380657e-01 1.283937e-01 1.283942e-01 8.716063e-01 3.510406e-09 7.747051e+00 1.283937e-01
3.35 9.868648e-01 8.381674e-01 1.284215e-01 1.284224e-01 8.715785e-01 3.512218e-09 7.796328e+00 1.284215e-01
3.36 9.867397e-01 8.380827e-01 1.284487e-01 1.284518e-01 8.715513e-01 3.513736e-09 7.676867e+00 1.284487e-01
3.37 9.867310e-01 8.381003e-01 1.284564e-01 1.284572e-01 8.715436e-01 3.514399e-09 7.860789e+00 1.284564e-01
3.38 9.868072e-01 8.380837e-01 1.284602e-01 1.284645e-01 8.715398e-01 3.514861e-09 7.684885e+00 1.284602e-01
3.39 9.868883e-01 8.381688e-01 1.284698e-01 1.284720e-01 8.715302e-01 3.515356e-09 7.604955e+00 1.284698e-01
3.40 9.866707e-01 8.380593e-01 1.284722e-01 1.284735e-01 8.715278e-01 3.515552e-09 7.748619e+00 1.284722e-01
3.41 9.867177e-01 8.381020e-01 1.284702e-01 1.284708e-01 8.715298e-01 3.515623e-09 7.714416e+00 1.284702e-01
3.42 9.866708e-01 8.380138e-01 1.284779e-01 1.284789e-01 8.715221e-01 3.515896e-09 7.755255e+00 1.284779e-01
3.43 9.867305e-01 8.381039e-01 1.284772e-01 1.284792e-01 8.715228e-01 3.515924e-09 7.805234e+00 1.284772e-01
3.44 9.867450e-01 8.381313e-01 1.284798e-01 1.284807e-01 8.715202e-01 3.516047e-09 7.772535e+00 1.284798e-01
3.45 9.866903e-01 8.380229e-01 1.284809e-01 1.284826e-01 8.715191e-01 3.516134e-09 7.871225e+00 1.284809e-01
3.46 9.867365e-01 8.380906e-01 1.284750e-01 1.284789e-01 8.715250e-01 3.515919e-09 7.597977e+00 1.284750e-01
3.47 9.866759e-01 8.380141e-01 1.284814e-01 1.284827e-01 8.715186e-01 3.516132e-09 7.656692e+00 1.284814e-01
3.48 9.866639e-01 8.380502e-01 1.284775e-01 1.284797e-01 8.715225e-01 3.515988e-09 7.761857e+00 1.284775e-01
3.49 9.866827e-01 8.380291e-01 1.284768e-01 1.284780e-01 8.715232e-01 3.516044e-09 7.782813e+00 1.284768e-01
3.50 9.866816e-01 8.380054e-01 1.284796e-01 1.284805e-01 8.715204e-01 3.516066e-09 7.819533e+00 1.284796e-01
