0.503969 0 0.353961 0 0.0655223 0 -0.128989 0 -0.0297484 0 0.296939 0 -0.0376174 0 -0.0749201 0 -0.0279049 0 -0.0316319 0 -0.0342082 0 0.0898478 0 0.0488234 0 -0.150015 0 0.0666182 0 0.0639566 0 -0.00773406 0 -0.0527922 0 
0.353961 0 0.527905 0 0.318898 0 -0.0297484 0 -0.188364 0 0.00396885 0 0.13481 0 -0.0655223 0 -0.0396324 0 0.0376174 0 -0.00437982 0 0.0488234 0 -0.00808289 0 -0.0342082 0 0.0639566 0 0.0611006 0 -0.0527922 0 -0.0984691 0 
0.0655223 0 0.318898 0 0.534208 0 0.261814 0 -0.0488234 0 -0.125558 0 -0.0639566 0 -0.16004 0 0.0297484 0 0.255218 0 0.0527922 0 0.0904409 0 -0.0376174 0 -0.0691287 0 0.0547233 0 -0.00396885 0 -0.0965264 0 -0.0279049 0 
-0.128989 0 -0.0297484 0 0.261814 0 0.451177 0 0.359745 0 0.0655223 0 -0.00229152 0 -0.0342082 0 -0.0121139 0 0.0639566 0 0.0216063 0 -0.0376174 0 -0.0537899 0 0.0527922 0 -0.00396885 0 -0.00229875 0 -0.0279049 0 -0.0296068 0 
-0.0297484 0 -0.188364 0 -0.0488234 0 0.359745 0 0.565522 0 0.356314 0 0.0527922 0 0.0918452 0 -0.00396885 0 -0.0351245 0 -0.0376174 0 -0.122625 0 -0.0342082 0 0.0884435 0 -0.069136 0 -0.0279049 0 0.0646208 0 0.0639566 0 
0.296939 0 0.00396885 0 -0.125558 0 0.0655223 0 0.356314 0 0.470252 0 -0.00578414 0 0.0488234 0 -0.000301327 0 -0.0527922 0 -0.0557873 0 -0.0342082 0 0.0230106 0 -0.0376174 0 -0.0279049 0 -0.00221644 0 0.0639566 0 0.0591032 0 
-0.0376174 0 0.13481 0 -0.0639566 0 -0.00229152 0 0.0527922 0 -0.00578414 0 0.529748 0 0.322055 0 0.0342082 0 -0.0427898 0 -0.00396885 0 -0.192751 0 -0.0279049 0 0.349574 0 -0.0998734 0 -0.0488234 0 0.0668919 0 0.0655223 0 
-0.0749201 0 -0.0655223 0 -0.16004 0 -0.0342082 0 0.0918452 0 0.0488234 0 0.322055 0 0.537617 0 0.252061 0 0.0279049 0 -0.13135 0 -0.0527922 0 0.263219 0 0.0639566 0 -0.0297484 0 -0.0921393 0 0.00396885 0 0.0591104 0 
-0.0279049 0 -0.0396324 0 0.0297484 0 -0.0121139 0 -0.00396885 0 -0.000301327 0 0.0342082 0 0.252061 0 0.436043 0 0.201647 0 -0.0488234 0 -0.0293331 0 0.0655223 0 -0.0330362 0 0.292559 0 0.0527922 0 -0.102009 0 -0.0376174 0 
-0.0316319 0 0.0376174 0 0.255218 0 0.0639566 0 -0.0351245 0 -0.0527922 0 -0.0427898 0 0.0279049 0 0.201647 0 0.434478 0 0.00408571 0 0.00396885 0 -0.00772684 0 -0.0297484 0 -0.0342082 0 -0.100605 0 0.0488234 0 0.286768 0 
-0.0342082 0 -0.00437982 0 0.0527922 0 0.0216063 0 -0.0376174 0 -0.0557873 0 -0.00396885 0 -0.13135 0 -0.0488234 0 0.00408571 0 0.472095 0 0.359471 0 0.0639566 0 0.292552 0 0.0648945 0 0.0655223 0 -0.00537385 0 -0.0297484 0 
0.0898478 0 0.0488234 0 0.0904409 0 -0.0376174 0 -0.122625 0 -0.0342082 0 -0.192751 0 -0.0527922 0 -0.0293331 0 0.00396885 0 0.359471 0 0.563957 0 0.353954 0 -0.0279049 0 0.0655223 0 0.0614634 0 -0.0297484 0 -0.0647489 0 
0.0488234 0 -0.00808289 0 -0.0376174 0 -0.0537899 0 -0.0342082 0 0.0230106 0 -0.0279049 0 0.263219 0 0.0655223 0 -0.00772684 0 0.0639566 0 0.353954 0 0.447208 0 -0.125832 0 -0.0327643 0 -0.0297484 0 0.00208829 0 0.00396885 0 
-0.150015 0 -0.0342082 0 -0.0691287 0 0.0527922 0 0.0884435 0 -0.0376174 0 0.349574 0 0.0639566 0 -0.0330362 0 -0.0297484 0 0.292552 0 -0.0279049 0 -0.125832 0 0.496031 0 -0.0488234 0 -0.00194269 0 0.0655223 0 0.0634608 0 
0.0666182 0 0.0639566 0 0.0547233 0 -0.00396885 0 -0.069136 0 -0.0279049 0 -0.0998734 0 -0.0297484 0 0.292559 0 -0.0342082 0 0.0648945 0 0.0655223 0 -0.0327643 0 -0.0488234 0 0.552792 0 0.383294 0 -0.0376174 0 -0.24624 0 
0.0639566 0 0.0611006 0 -0.00396885 0 -0.00229875 0 -0.0279049 0 -0.00221644 0 -0.0488234 0 -0.0921393 0 0.0527922 0 -0.100605 0 0.0655223 0 0.0614634 0 -0.0297484 0 -0.00194269 0 0.383294 0 0.462383 0 0.239063 0 -0.0342082 0 
-0.00773406 0 -0.0527922 0 -0.0965264 0 -0.0279049 0 0.0646208 0 0.0639566 0 0.0668919 0 0.00396885 0 -0.102009 0 0.0488234 0 -0.00537385 0 -0.0297484 0 0.00208829 0 0.0655223 0 -0.0376174 0 0.239063 0 0.465792 0 0.384698 0 
-0.0527922 0 -0.0984691 0 -0.0279049 0 -0.0296068 0 0.0639566 0 0.0591032 0 0.0655223 0 0.0591104 0 -0.0376174 0 0.286768 0 -0.0297484 0 -0.0647489 0 0.00396885 0 0.0634608 0 -0.24624 0 -0.0342082 0 0.384698 0 0.548823 0 
