0.503967 0 0.353961 1.13587e-06 0.06552 2.07241e-07 -0.128989 3.48359e-07 -0.0297495 -1.60499e-07 0.296939 9.7895e-07 -0.0376187 -1.99719e-07 -0.07492 2.37201e-07 -0.0279056 3.47785e-08 -0.031632 9.56171e-07 -0.034208 7.14229e-08 0.0898478 2.01104e-08 0.0488229 -1.28531e-08 -0.150015 2.64805e-07 0.0666182 3.11354e-07 0.0639564 2.66846e-08 -0.00773404 -2.01655e-07 -0.052793 -2.98003e-07 
0.353961 -1.13587e-06 0.527908 0 0.318898 -1.00674e-06 -0.029746 -9.32004e-08 -0.188364 -1.15344e-06 0.00397059 5.89341e-08 0.13481 -8.97797e-07 -0.0655222 -2.08982e-07 -0.0396324 -3.11255e-07 0.0376187 1.30717e-08 -0.00437969 3.48701e-07 0.0488232 2.92091e-07 -0.00808304 3.88065e-07 -0.0342081 1.42848e-07 0.0639564 1.81999e-07 0.0611006 6.22481e-07 -0.0527921 -1.30886e-07 -0.098469 -7.62453e-07 
0.06552 -2.07241e-07 0.318898 1.00674e-06 0.534205 0 0.261815 1.36349e-06 -0.0488252 2.79147e-07 -0.125558 1.18857e-06 -0.063958 1.16653e-07 -0.16004 1.73721e-07 0.0297482 -3.38749e-07 0.255218 7.29768e-07 0.0527925 -5.15171e-08 0.0904411 -4.74817e-07 -0.0376171 6.8143e-08 -0.0691286 7.66446e-07 0.0547233 -3.22649e-07 -0.00396871 1.79974e-07 -0.0965263 8.34319e-08 -0.0279051 6.11238e-08 
-0.128989 -3.48359e-07 -0.029746 9.32004e-08 0.261815 -1.36349e-06 0.451178 0 0.359745 -8.51844e-07 0.0655237 7.97982e-08 -0.0022918 -7.09218e-07 -0.0342077 1.96797e-08 -0.0121139 -5.64683e-07 0.0639583 -1.48288e-07 0.0216064 -6.92136e-08 -0.0376171 7.467e-08 -0.0537899 -1.60324e-07 0.052793 2.68066e-08 -0.00396829 -5.76196e-08 -0.00229865 8.11437e-08 -0.027905 2.10427e-07 -0.0296069 -7.31333e-08 
-0.0297495 1.60499e-07 -0.188364 1.15344e-06 -0.0488252 -2.79147e-07 0.359745 8.51844e-07 0.565521 0 0.356314 4.57228e-07 0.0527906 5.84768e-08 0.0918452 6.82988e-07 -0.00397015 1.20802e-07 -0.0351243 4.8468e-07 -0.0376179 -6.95905e-08 -0.122624 1.38053e-07 -0.0342084 -2.38162e-07 0.0884436 1.99134e-08 -0.0691359 2.39163e-07 -0.027905 -2.49961e-07 0.0646207 1.07811e-07 0.0639558 1.52235e-07 
0.296939 -9.7895e-07 0.00397059 -5.89341e-08 -0.125558 -1.18857e-06 0.0655237 -7.97982e-08 0.356314 -4.57228e-07 0.470253 0 -0.00578403 -4.62216e-07 0.0488248 1.71974e-07 -0.00030141 -4.03832e-07 -0.0527907 7.86259e-08 -0.0557875 -1.54387e-07 -0.0342083 -2.35972e-07 0.0230106 -5.40619e-07 -0.0376166 4.4854e-08 -0.0279047 -1.32904e-07 -0.00221654 -6.0556e-07 0.0639571 -1.73863e-07 0.0591033 -1.29782e-07 
-0.0376187 1.99719e-07 0.13481 8.97797e-07 -0.063958 -1.16653e-07 -0.0022918 7.09218e-07 0.0527906 -5.84768e-08 -0.00578403 4.62216e-07 0.529749 0 0.322055 -5.07752e-07 0.0342093 1.24774e-07 -0.0427899 -2.51542e-07 -0.00396832 -5.9149e-08 -0.192751 -2.20305e-07 -0.0279035 -2.63839e-08 0.349574 -7.40805e-07 -0.0998735 -7.61306e-07 -0.0488222 -1.0829e-07 0.0668919 -1.2792e-07 0.0655224 1.37057e-07 
-0.07492 -2.37201e-07 -0.0655222 2.08982e-07 -0.16004 -1.73721e-07 -0.0342077 -1.96797e-08 0.0918452 -6.82988e-07 0.0488248 -1.71974e-07 0.322055 5.07752e-07 0.537615 0 0.252061 1.29191e-06 0.0279038 -2.2038e-07 -0.13135 6.49127e-07 -0.0527936 2.09476e-07 0.263219 7.69776e-07 0.0639557 -3.30285e-07 -0.02975 1.53706e-08 -0.0921392 4.02179e-07 0.00396787 1.44932e-07 0.0591105 6.14295e-07 
-0.0279056 -3.47785e-08 -0.0396324 3.11255e-07 0.0297482 3.38749e-07 -0.0121139 5.64683e-07 -0.00397015 -1.20802e-07 -0.00030141 4.03832e-07 0.0342093 -1.24774e-07 0.252061 -1.29191e-06 0.436046 0 0.201647 -5.38231e-07 -0.0488222 -1.70862e-07 -0.029333 -3.5668e-07 0.0655237 7.02078e-08 -0.0330362 -7.70287e-07 0.292559 -5.26823e-07 0.0527933 1.10017e-07 -0.102009 -7.74319e-07 -0.0376168 -2.67872e-07 
-0.031632 -9.56171e-07 0.0376187 -1.30717e-08 0.255218 -7.29768e-07 0.0639583 1.48288e-07 -0.0351243 -4.8468e-07 -0.0527907 -7.86259e-08 -0.0427899 2.51542e-07 0.0279038 2.2038e-07 0.201647 5.38231e-07 0.434478 0 0.00408549 4.7261e-08 0.00396761 -2.03883e-07 -0.0077269 6.89664e-07 -0.0297486 7.78305e-08 -0.0342093 -1.23158e-07 -0.100605 6.73271e-08 0.0488227 -1.20086e-07 0.286768 3.47923e-07 
-0.034208 -7.14229e-08 -0.00437969 -3.48701e-07 0.0527925 5.15171e-08 0.0216064 6.92136e-08 -0.0376179 6.95905e-08 -0.0557875 1.54387e-07 -0.00396832 5.9149e-08 -0.13135 -6.49127e-07 -0.0488222 1.70862e-07 0.00408549 -4.7261e-08 0.472096 0 0.359472 -4.47967e-07 0.0639572 -1.25545e-07 0.292552 2.84472e-08 0.0648947 -1.71082e-07 0.0655229 -1.63862e-07 -0.00537409 -7.16623e-07 -0.0297483 -8.57202e-08 
0.0898478 -2.01104e-08 0.0488232 -2.92091e-07 0.0904411 4.74817e-07 -0.0376171 -7.467e-08 -0.122624 -1.38053e-07 -0.0342083 2.35972e-07 -0.192751 2.20305e-07 -0.0527936 -2.09476e-07 -0.029333 3.5668e-07 0.00396761 2.03883e-07 0.359472 4.47967e-07 0.563956 0 0.353954 7.3618e-07 -0.0279058 3.43361e-07 0.0655219 5.73653e-09 0.0614634 2.07469e-07 -0.0297491 -1.2629e-07 -0.064749 3.3646e-07 
0.0488229 1.28531e-08 -0.00808304 -3.88065e-07 -0.0376171 -6.8143e-08 -0.0537899 1.60324e-07 -0.0342084 2.38162e-07 0.0230106 5.40619e-07 -0.0279035 2.63839e-08 0.263219 -7.69776e-07 0.0655237 -7.02078e-08 -0.0077269 -6.89664e-07 0.0639572 1.25545e-07 0.353954 -7.3618e-07 0.447209 0 -0.125832 -3.55844e-08 -0.0327645 -4.2084e-07 -0.029748 7.47092e-08 0.00208846 7.69757e-08 0.0039702 2.69303e-07 
-0.150015 -2.64805e-07 -0.0342081 -1.42848e-07 -0.0691286 -7.66446e-07 0.052793 -2.68066e-08 0.0884436 -1.99134e-08 -0.0376166 -4.4854e-08 0.349574 7.40805e-07 0.0639557 3.30285e-07 -0.0330362 7.70287e-07 -0.0297486 -7.78305e-08 0.292552 -2.84472e-08 -0.0279058 -3.43361e-07 -0.125832 3.55844e-08 0.496031 0 -0.0488245 -2.49414e-07 -0.00194263 -3.87097e-08 0.0655218 -7.40549e-08 0.0634608 4.75322e-07 
0.0666182 -3.11354e-07 0.0639564 -1.81999e-07 0.0547233 3.22649e-07 -0.00396829 5.76196e-08 -0.0691359 -2.39163e-07 -0.0279047 1.32904e-07 -0.0998735 7.61306e-07 -0.02975 -1.53706e-08 0.292559 5.26823e-07 -0.0342093 1.23158e-07 0.0648947 1.71082e-07 0.0655219 -5.73653e-09 -0.0327645 4.2084e-07 -0.0488245 2.49414e-07 0.552791 0 0.383294 8.97189e-07 -0.037618 -2.97756e-08 -0.24624 7.62629e-08 
0.0639564 -2.66846e-08 0.0611006 -6.22481e-07 -0.00396871 -1.79974e-07 -0.00229865 -8.11437e-08 -0.027905 2.49961e-07 -0.00221654 6.0556e-07 -0.0488222 1.0829e-07 -0.0921392 -4.02179e-07 0.0527933 -1.10017e-07 -0.100605 -6.73271e-08 0.0655229 1.63862e-07 0.0614634 -2.07469e-07 -0.029748 -7.47092e-08 -0.00194263 3.87097e-08 0.383294 -8.97189e-07 0.462383 0 0.239064 -2.70182e-08 -0.0342074 3.09616e-07 
-0.00773404 2.01655e-07 -0.0527921 1.30886e-07 -0.0965263 -8.34319e-08 -0.027905 -2.10427e-07 0.0646207 -1.07811e-07 0.0639571 1.73863e-07 0.0668919 1.2792e-07 0.00396787 -1.44932e-07 -0.102009 7.74319e-07 0.0488227 1.20086e-07 -0.00537409 7.16623e-07 -0.0297491 1.2629e-07 0.00208846 -7.69757e-08 0.0655218 7.40549e-08 -0.037618 2.97756e-08 0.239064 2.70182e-08 0.465791 0 0.384698 3.74254e-07 
-0.052793 2.98003e-07 -0.098469 7.62453e-07 -0.0279051 -6.11238e-08 -0.0296069 7.31333e-08 0.0639558 -1.52235e-07 0.0591033 1.29782e-07 0.0655224 -1.37057e-07 0.0591105 -6.14295e-07 -0.0376168 2.67872e-07 0.286768 -3.47923e-07 -0.0297483 8.57202e-08 -0.064749 -3.3646e-07 0.0039702 -2.69303e-07 0.0634608 -4.75322e-07 -0.24624 -7.62629e-08 -0.0342074 -3.09616e-07 0.384698 -3.74254e-07 0.548824 0 
