0 0
0.000303966 -0.0049115
0.000607932 -0.00731275
0.000911898 -0.00409496
0.00121586 -0.00475783
0.00151983 -0.0126285
0.0018238 -0.0144688
0.00212776 0.0100185
0.00243173 0.0501979
0.00273569 0.0670935
0.00303966 0.066504
0.00334363 0.0936517
0.00364759 0.154018
0.00395156 0.219169
0.00425552 0.279264
0.00455949 0.381507
0.00486346 0.645398
0.00516742 1.21755
0.00547139 2.43596
0.00577535 5.9174
0.00607932 22.0222
0.00638329 73.5832
0.00668725 18.6075
0.00699122 6.48745
0.00729518 3.19232
0.00759915 1.88596
0.00790312 1.29067
0.00820708 0.911846
0.00851105 0.559572
0.00881501 0.278257
0.00911898 0.128853
0.00942295 0.0789646
0.00972691 0.00477607
0.0100309 -0.180956
0.0103348 -0.35984
0.0106388 -0.391553
0.0109428 -0.367026
0.0112467 -0.435963
0.0115507 -0.609872
0.0118547 -0.813341
0.0121586 -0.955893
0.0124626 -1.05428
0.0127666 -1.21862
0.0130705 -1.41172
0.0133745 -1.53217
0.0136785 -1.67114
0.0139824 -1.95205
0.0142864 -2.34224
0.0145904 -2.73609
0.0148943 -3.05097
0.0151983 -3.38863
0.0155023 -3.99636
0.0158062 -4.86896
0.0161102 -5.7804
0.0164142 -6.72791
0.0167181 -7.94452
0.0170221 -9.67899
0.0173261 -12.1016
0.01763 -15.2944
0.017934 -19.6455
0.018238 -26.3071
0.0185419 -37.3396
0.0188459 -56.9922
0.0191499 -97.0181
0.0194538 -199.105
0.0197578 -586.972
0.0200618 -2475.9
0.0203657 -822.968
0.0206697 -234.029
0.0209737 -102.425
0.0212776 -55.8051
0.0215816 -34.3475
0.0218855 -22.696
0.0221895 -15.6793
0.0224935 -11.2293
0.0227974 -8.38279
0.0231014 -6.38789
0.0234054 -4.68882
0.0237093 -3.30304
0.0240133 -2.43931
0.0243173 -2.01708
0.0246212 -1.78435
0.0249252 -1.45391
0.0252292 -0.932371
0.0255331 -0.478157
0.0258371 -0.224862
0.0261411 0.00177476
0.026445 0.263584
0.026749 0.544085
0.027053 0.883117
0.0273569 1.18842
0.0276609 1.38305
0.0279649 1.47578
0.0282688 1.37994
0.0285728 1.18987
0.0288768 1.18913
0.0291807 1.33934
0.0294847 1.42757
0.0297887 1.42362
0.0300926 1.36464
0.0303966 1.40768
0.0307006 1.69913
0.0310045 2.01229
0.0313085 2.13773
0.0316125 2.20529
0.0319164 2.27574
0.0322204 2.32761
0.0325244 2.39592
0.0328283 2.37367
0.0331323 2.26283
0.0334363 2.27959
0.0337402 2.40252
0.0340442 2.51804
0.0343482 2.66073
0.0346521 2.71464
0.0349561 2.62408
0.0352601 2.6197
0.035564 2.78515
0.035868 3.07176
0.036172 3.45731
0.0364759 3.70526
0.0367799 3.71531
0.0370838 3.7762
0.0373878 3.99203
0.0376918 4.27227
0.0379957 4.64012
0.0382997 5.00131
0.0386037 5.33871
0.0389076 5.90676
0.0392116 6.77045
0.0395156 7.94919
0.0398195 9.7268
0.0401235 12.3314
0.0404275 16.4333
0.0407314 24.4728
0.0410354 43.6736
0.0413394 105.527
0.0416433 435.564
0.0419473 436.785
0.0422513 104.972
0.0425552 43.6756
0.0428592 24.8185
0.0431632 16.6987
0.0434671 12.3971
0.0437711 9.81089
0.0440751 8.19604
0.044379 7.33875
0.044683 6.78208
0.044987 6.1492
0.0452909 5.7217
0.0455949 5.69916
0.0458989 5.85486
0.0462028 6.00312
0.0465068 5.97984
0.0468108 5.84933
0.0471147 5.96911
0.0474187 6.20651
0.0477227 6.17541
0.0480266 6.04982
0.0483306 6.02644
0.0486346 5.9584
0.0489385 5.7791
0.0492425 5.46199
0.0495465 5.22897
0.0498504 5.57035
0.0501544 6.26823
0.0504584 6.64196
0.0507623 6.75247
0.0510663 7.0426
0.0513702 7.62758
0.0516742 8.32182
0.0519782 8.61463
0.0522821 8.37525
0.0525861 8.31026
0.0528901 8.69857
0.053194 9.03606
0.053498 9.21936
0.053802 9.62171
0.0541059 10.6029
0.0544099 12.299
0.0547139 14.1948
0.0550178 15.8831
0.0553218 18.0664
0.0556258 21.5163
0.0559297 26.4662
0.0562337 33.8649
0.0565377 46.4278
0.0568416 71.0159
0.0571456 129.113
0.0574496 319.098
0.0577535 1341.55
0.0580575 963.648
0.0583615 234.369
0.0586654 96.7276
0.0589694 53.0912
0.0592734 33.9535
0.0595773 24.0506
0.0598813 19.1426
0.0601853 16.7794
0.0604892 14.6811
0.0607932 12.2164
0.0610972 9.94122
0.0614011 8.04219
0.0617051 6.11727
0.0620091 3.21488
0.062313 -1.72137
0.062617 -9.9282
0.062921 -26.0264
0.0632249 -65.1973
0.0635289 -187.949
0.0638329 -810.527
0.0641368 -1414.3
0.0644408 -291.594
0.0647448 -82.8645
0.0650487 -17.7563
0.0653527 15.3721
0.0656566 40.6698
0.0659606 65.5053
0.0662646 94.8487
0.0665685 136.607
0.0668725 205.758
0.0671765 337.094
0.0674804 636.969
0.0677844 1579.6
0.0680884 6554.33
0.0683923 7006.89
0.0686963 1609.15
0.0690003 622.111
0.0693042 320.274
0.0696082 192.579
0.0699122 128.047
0.0702161 91.5595
0.0705201 68.118
0.0708241 52.5631
0.071128 42.2853
0.071432 35.2245
0.071736 29.6676
0.0720399 24.8891
0.0723439 21.0465
0.0726479 18.749
0.0729518 17.3844
0.0732558 15.2528
0.0735598 12.3589
0.0738637 10.3194
0.0741677 9.79433
0.0744717 10.0581
0.0747756 9.88468
0.0750796 8.84959
0.0753836 8.21108
0.0756875 8.78413
0.0759915 9.37886
0.0762955 9.04927
0.0765994 8.24117
0.0769034 7.52118
0.0772074 7.12651
0.0775113 6.75316
0.0778153 6.05128
0.0781193 5.86716
0.0784232 6.75446
0.0787272 7.42101
0.0790312 6.93181
0.0793351 6.0633
0.0796391 5.89774
0.079943 6.80966
0.080247 7.84568
0.080551 7.6624
0.0808549 6.93655
0.0811589 7.20142
0.0814629 8.0426
0.0817668 8.20088
0.0820708 7.44336
0.0823748 6.48285
0.0826787 6.45231
0.0829827 7.28975
0.0832867 7.49245
0.0835906 6.90966
0.0838946 6.85541
0.0841986 7.50545
0.0845025 8.09431
0.0848065 8.13604
0.0851105 7.66831
0.0854144 7.58238
0.0857184 8.19142
0.0860224 8.30124
0.0863263 7.7138
0.0866303 7.69999
0.0869343 8.44848
0.0872382 9.01481
0.0875422 8.62268
0.0878462 7.35055
0.0881501 6.74757
0.0884541 7.78378
0.0887581 8.84827
0.089062 8.48888
0.089366 7.44812
0.08967 6.88135
0.0899739 7.30763
0.0902779 8.30326
0.0905819 8.76681
0.0908858 8.90926
0.0911898 9.62169
0.0914938 10.1429
0.0917977 9.624
0.0921017 8.73631
0.0924057 8.22642
0.0927096 8.34029
0.0930136 8.63812
0.0933176 8.10155
0.0936215 7.28253
0.0939255 7.7549
0.0942295 9.09184
0.0945334 9.9022
0.0948374 9.99697
0.0951413 9.83142
0.0954453 10.137
0.0957493 11.0197
0.0960532 11.2258
0.0963572 10.6175
0.0966612 10.6423
0.0969651 11.3303
0.0972691 11.5314
0.0975731 10.8145
0.097877 9.43688
0.098181 8.60894
0.098485 9.341
0.0987889 10.5867
0.0990929 11.3771
0.0993969 12.2939
0.0997008 13.2991
0.100005 13.7962
0.100309 13.825
0.100613 13.4672
0.100917 13.2892
0.101221 13.7797
0.101525 13.6945
0.101829 12.3235
0.102133 11.1737
0.102437 11.2852
0.10274 12.3473
0.103044 13.6289
0.103348 14.0699
0.103652 13.8852
0.103956 14.4007
0.10426 15.2518
0.104564 15.4698
0.104868 15.4896
0.105172 15.5612
0.105476 15.5183
0.10578 15.4681
0.106084 15.003
0.106388 14.4071
0.106692 14.8624
0.106996 15.8146
0.1073 16.0321
0.107604 15.88
0.107908 15.8387
0.108212 16.082
0.108516 16.9346
0.10882 17.7945
0.109124 18.4382
0.109428 19.7164
0.109732 20.9597
0.110036 20.8883
0.11034 20.1725
0.110644 20.075
0.110948 21.735
0.111252 26.5615
0.111556 36.8503
0.111859 71.1761
0.112163 217.434
0.112467 77.1714
0.112771 37.7224
0.113075 28.8557
0.113379 25.795
0.113683 24.252
0.113987 23.6383
0.114291 23.3573
0.114595 23.2925
0.114899 24.6791
0.115203 27.0574
0.115507 28.472
0.115811 28.5245
0.116115 27.7698
0.116419 27.1594
0.116723 27.8826
0.117027 29.19
0.117331 29.8416
0.117635 30.591
0.117939 31.7141
0.118243 32.3435
0.118547 32.6299
0.118851 32.8701
0.119155 33.3366
0.119459 34.8141
0.119763 36.5194
0.120067 37.2912
0.120371 38.1539
0.120674 39.6847
0.120978 40.9405
0.121282 41.7516
0.121586 42.1696
0.12189 42.3811
0.122194 43.2472
0.122498 44.0228
0.122802 43.6118
0.123106 43.6597
0.12341 45.6334
0.123714 48.6306
0.124018 51.4552
0.124322 53.0546
0.124626 53.5573
0.12493 54.9145
0.125234 57.1758
0.125538 58.4946
0.125842 59.0837
0.126146 59.9535
0.12645 61.149
0.126754 63.0363
0.127058 65.5406
0.127362 68.7288
0.127666 74.5893
0.12797 88.035
0.128274 124.052
0.128578 88.2668
0.128882 81.5742
0.129186 83.07
0.12949 87.3427
0.129793 91.6601
0.130097 94.6127
0.130401 98.0757
0.130705 102.94
0.131009 107.24
0.131313 110.521
0.131617 114.124
0.131921 119.143
0.132225 126.428
0.132529 134.811
0.132833 142.079
0.133137 150.283
0.133441 160.715
0.133745 171.592
0.134049 181.997
0.134353 192.931
0.134657 205.925
0.134961 222.692
0.135265 242.643
0.135569 264.119
0.135873 288.96
0.136177 319.622
0.136481 355.524
0.136785 396.607
0.137089 445.576
0.137393 507.606
0.137697 590.085
0.138001 699.85
0.138305 845.786
0.138608 1049.21
0.138912 1352
0.139216 1832.75
0.13952 2666.8
0.139824 4328.58
0.140128 8472.29
0.140432 23833
0.140736 94908
0.14104 29567.5
0.141344 7989.64
0.141648 3299.77
0.141952 1685.47
0.142256 967.531
0.14256 594.053
0.142864 377.863
0.143168 244.968
0.143472 161.073
0.143776 104.496
0.14408 63.1303
0.144384 32.9323
0.144688 11.8925
0.144992 -2.26588
0.145296 -13.1871
0.1456 -24.0343
0.145904 -33.1225
0.146208 -38.2555
0.146512 -42.0718
0.146816 -47.0626
0.14712 -52.0854
0.147423 -54.7926
0.147727 -53.4875
0.148031 -50.1588
0.148335 -49.1122
0.148639 -49.9627
0.148943 -49.6424
0.149247 -48.8423
0.149551 -49.4258
0.149855 -51.2963
0.150159 -53.0775
0.150463 -52.4856
0.150767 -50.1128
0.151071 -49.6868
0.151375 -50.763
0.151679 -49.636
0.151983 -46.5189
0.152287 -44.1935
0.152591 -44.2141
0.152895 -45.593
0.153199 -44.3551
0.153503 -39.4642
0.153807 -35.8217
0.154111 -35.8369
0.154415 -36.572
0.154719 -35.9675
0.155023 -34.3285
0.155327 -33.3083
0.155631 -34.0246
0.155935 -33.4224
0.156239 -28.9472
0.156542 -24.0126
0.156846 -21.4657
0.15715 -19.4388
0.157454 -15.8546
0.157758 -10.1147
0.158062 -3.52936
0.158366 2.11363
0.15867 10.0005
0.158974 25.2258
0.159278 48.6951
0.159582 84.6748
0.159886 153.962
0.16019 323.489
0.160494 909.962
0.160798 3880.09
0.161102 1622.7
0.161406 369.919
0.16171 119.976
0.162014 41.1531
0.162318 7.84734
0.162622 -10.7298
0.162926 -23.1755
0.16323 -29.7972
0.163534 -30.7543
0.163838 -30.7221
0.164142 -31.9727
0.164446 -32.2611
0.16475 -31.846
0.165054 -32.7727
0.165357 -35.1368
0.165661 -37.6607
0.165965 -37.327
0.166269 -33.4875
0.166573 -31.4178
0.166877 -33.7103
0.167181 -36.1504
0.167485 -35.7914
0.167789 -33.6135
0.168093 -32.1016
0.168397 -33.2448
0.168701 -34.218
0.169005 -31.141
0.169309 -26.9971
0.169613 -26.0237
0.169917 -27.1522
0.170221 -28.2465
0.170525 -28.3158
0.170829 -27.92
0.171133 -29.5637
0.171437 -31.9981
0.171741 -31.0978
0.172045 -28.0946
0.172349 -26.3699
0.172653 -25.548
0.172957 -24.6549
0.173261 -23.2467
0.173565 -21.804
0.173869 -22.9466
0.174173 -25.5212
0.174476 -24.7577
0.17478 -21.6558
0.175084 -20.9375
0.175388 -23.4916
0.175692 -27.1637
0.175996 -28.1367
0.1763 -24.6471
0.176604 -21.4126
0.176908 -22.0164
0.177212 -23.6091
0.177516 -24.2709
0.17782 -24.5497
0.178124 -24.2723
0.178428 -24.1083
0.178732 -23.6656
0.179036 -21.7438
0.17934 -21.1804
0.179644 -23.6721
0.179948 -25.5064
0.180252 -25.1253
0.180556 -24.5365
0.18086 -24.994
0.181164 -27.2973
0.181468 -29.3653
0.181772 -27.5376
0.182076 -24.1891
0.18238 -23.5356
0.182684 -24.5073
0.182988 -25.5606
0.183291 -26.6015
0.183595 -27.0999
0.183899 -28.1547
0.184203 -29.091
0.184507 -26.4659
0.184811 -21.9434
0.185115 -20.0046
0.185419 -20.7477
0.185723 -23.1865
0.186027 -26.3513
0.186331 -28.0616
0.186635 -28.8841
0.186939 -29.2939
0.187243 -26.8389
0.187547 -22.8519
0.187851 -20.746
0.188155 -19.4593
0.188459 -17.4827
0.188763 -14.462
0.189067 -9.16799
0.189371 -1.40849
0.189675 18.5983
0.189979 130.248
0.190283 183.835
0.190587 23.7093
0.190891 -4.45675
0.191195 -12.7988
0.191499 -17.3002
0.191803 -19.2907
0.192106 -20.1184
0.19241 -20.9313
0.192714 -18.9631
0.193018 -14.6243
0.193322 -11.8302
0.193626 -11.0937
0.19393 -11.9832
0.194234 -13.8916
0.194538 -14.2646
0.194842 -14.1279
0.195146 -16.0567
0.19545 -18.0812
0.195754 -19.3801
0.196058 -21.3334
0.196362 -21.9041
0.196666 -19.6729
0.19697 -15.5749
0.197274 -9.95832
0.197578 -6.21495
0.197882 -7.45941
0.198186 -10.0244
0.19849 -11.0324
0.198794 -12.0486
0.199098 -13.0811
0.199402 -14.1044
0.199706 -15.0946
0.20001 -13.4107
0.200314 -10.04
0.200618 -8.41892
0.200922 -6.68028
0.201225 -2.96609
0.201529 1.96737
0.201833 12.3686
0.202137 43.4713
0.202441 187.209
0.202745 420.485
0.203049 91.1108
0.203353 29.6906
0.203657 11.0791
0.203961 3.34445
0.204265 -1.53031
0.204569 -5.26722
0.204873 -7.79382
0.205177 -8.21555
0.205481 -3.18349
0.205785 4.72579
0.206089 7.93207
0.206393 6.27116
0.206697 4.27522
0.207001 4.07113
0.207305 6.87925
0.207609 10.8653
0.207913 14.318
0.208217 23.6282
0.208521 52.5119
0.208825 178.42
0.209129 278.166
0.209433 72.8059
0.209737 37.3435
0.21004 27.2314
0.210344 20.9645
0.210648 14.8239
0.210952 14.0753
0.211256 19.967
0.21156 24.7065
0.211864 24.6508
0.212168 22.8744
0.212472 23.3085
0.212776 28.8673
0.21308 35.6309
0.213384 36.9736
0.213688 35.973
0.213992 38.1108
0.214296 41.5388
0.2146 44.1798
0.214904 45.9721
0.215208 47.5806
0.215512 52.3788
0.215816 59.145
0.21612 62.5352
0.216424 65.2709
0.216728 72.4141
0.217032 82.0109
0.217336 92.1399
0.21764 103.112
0.217944 116.45
0.218248 136.413
0.218552 160.357
0.218855 179.986
0.219159 198.718
0.219463 227.349
0.219767 271.116
0.220071 332.958
