0.497522 0 0.353934 0.00579804 0.0524569 1.9191e-05 -0.128966 0.00414138 -0.033541 7.53586e-05 0.296949 0.00342269 -0.0518368 -0.000176791 -0.0749841 0.00235098 -0.0428471 -4.1137e-05 -0.031622 0.00389863 -0.0396175 -0.000129373 0.089778 0.000207915 0.0405314 -7.24298e-05 -0.150094 0.00149486 0.066608 0.000791292 0.0584511 1.71912e-05 -0.00774424 0.000585738 -0.0605436 -1.61397e-05 
0.353934 -0.00579804 0.554458 0 0.318856 -0.007649 -0.0167249 -0.000109568 -0.188494 -0.00518639 0.0116999 -4.00706e-05 0.13496 -0.00363503 -0.0354495 0.000178298 -0.039621 -0.00113752 0.06608 -0.000151377 -0.0043109 0.000322112 0.0598555 0.000199622 -0.00802878 0.000595383 -0.0185023 0.000201537 0.0804237 6.4816e-06 0.0610566 0.000708454 -0.0421507 7.9505e-06 -0.09851 -0.00132255 
0.0524569 -1.9191e-05 0.318856 0.007649 0.507841 0 0.261827 0.00593817 -0.0566044 3.19441e-05 -0.125556 0.00521145 -0.092469 -0.000250451 -0.160226 0.00101802 -0.000195575 -0.000213783 0.255208 0.00402192 0.0420339 -0.000206972 0.0903051 -0.000837807 -0.0542015 -0.000281964 -0.0692394 0.00118277 0.0546867 -0.000352767 -0.0149045 4.48934e-05 -0.0964917 6.42911e-05 -0.0433978 7.07026e-05 
-0.128966 -0.00414138 -0.0167249 0.000109568 0.261827 -0.00593817 0.457606 0 0.359794 -0.00345537 0.0693515 -3.22679e-05 -0.00221446 -0.00382409 -0.019239 0.00024278 -0.0120349 -0.00246282 0.0780419 0.00010048 0.0217026 -0.00052708 -0.0320331 0.000102149 -0.0536665 -0.000710566 0.0605751 0.000157865 0.0042676 2.05328e-05 -0.00227382 -0.000380883 -0.0225938 -3.02292e-05 -0.0296052 -0.0017155 
-0.033541 -7.53586e-05 -0.188494 0.00518639 -0.0566044 -3.19441e-05 0.359794 0.00345537 0.563416 0 0.356384 0.00269525 0.0442175 -0.00019432 0.0917737 0.00299378 -0.0129303 -2.94916e-05 -0.0351785 0.00404385 -0.0408439 -0.000143855 -0.122608 0.000592507 -0.0391418 -9.69611e-05 0.0883429 0.00171262 -0.069135 0.00123933 -0.0312055 -0.000127242 0.0646042 0.000775319 0.059296 -6.07915e-05 
0.296949 -0.00342269 0.0116999 4.00706e-05 -0.125556 -0.00521145 0.0693515 3.22679e-05 0.356384 -0.00269525 0.472521 0 -0.00576286 -0.00391793 0.0578806 0.000197944 -0.000221495 -0.0028877 -0.0443362 7.93897e-05 -0.0557332 -0.0008396 -0.0308009 0.000105765 0.0231252 -0.00112174 -0.0329604 2.23357e-05 -0.0229103 5.21636e-05 -0.00221309 -0.000755392 0.0671396 -0.000112268 0.0590828 -0.00191184 
-0.0518368 0.000176791 0.13496 0.00363503 -0.092469 0.000250451 -0.00221446 0.00382409 0.0442175 0.00019432 -0.00576286 0.00391793 0.499103 0 0.322039 -0.00294706 0.00210685 0.000128313 -0.0426248 5.50685e-05 -0.0155054 -7.43845e-05 -0.192869 -0.00218474 -0.0456624 -0.000111839 0.349549 -0.000934114 -0.0998356 -0.00242007 -0.0605351 0.000151626 0.0669629 -0.00133515 0.0488724 0.000211041 
-0.0749841 -0.00235098 -0.0354495 -0.000178298 -0.160226 -0.00101802 -0.019239 -0.00024278 0.0917737 -0.00299378 0.0578806 -0.000197944 0.322039 0.00294706 0.571228 0 0.251925 0.00548892 0.0599108 -0.000237785 -0.131227 0.00256705 -0.0404168 7.1439e-05 0.263258 0.00404319 0.0815905 9.39985e-05 -0.0113503 -0.000156421 -0.0921459 0.0028454 0.0159309 -0.000175596 0.0590417 0.00217092 
-0.0428471 4.1137e-05 -0.039621 0.00113752 -0.000195575 0.000213783 -0.0120349 0.00246282 -0.0129303 2.94916e-05 -0.000221495 0.0028877 0.00210685 -0.000128313 0.251925 -0.00548892 0.402509 0 0.201698 -0.00244067 -0.0607578 -0.000183569 -0.0293808 -0.00310588 0.0470629 -0.00019185 -0.0330813 -0.002339 0.29258 -0.00382887 0.0406696 1.26541e-05 -0.101891 -0.00231178 -0.0549794 0.000105174 
-0.031622 -0.00389863 0.06608 0.000151377 0.255208 -0.00402192 0.0780419 -0.00010048 -0.0351785 -0.00404385 -0.0443362 -7.93897e-05 -0.0426248 -5.50685e-05 0.0599108 0.000237785 0.201698 0.00244067 0.464867 0 0.00421621 0.00157058 0.0157333 0.000215666 -0.00761576 0.00244802 -0.0130005 0.000265988 -0.0166893 4.12427e-05 -0.100595 0.00190442 0.0601722 -1.67934e-06 0.286764 0.000579662 
-0.0396175 0.000129373 -0.0043109 -0.000322112 0.0420339 0.000206972 0.0217026 0.00052708 -0.0408439 0.000143855 -0.0557332 0.0008396 -0.0155054 7.43845e-05 -0.131227 -0.00256705 -0.0607578 0.000183569 0.00421621 -0.00157058 0.467744 0 0.359458 -0.00126469 0.0573895 7.7983e-05 0.292509 -0.00121263 0.0649575 -0.00163922 0.0611081 0.000108257 -0.00540697 -0.0010331 -0.0360408 8.82957e-05 
0.089778 -0.000207915 0.0598555 -0.000199622 0.0903051 0.000837807 -0.0320331 -0.000102149 -0.122608 -0.000592507 -0.0308009 -0.000105765 -0.192869 0.00218474 -0.0404168 -7.1439e-05 -0.0293808 0.00310588 0.0157333 -0.000215666 0.359458 0.00126469 0.568499 0 0.353995 0.00208891 -0.0215033 -8.23923e-05 0.0722752 -0.000107928 0.0614017 0.00139331 -0.025437 -0.000126142 -0.0648561 0.00134645 
0.0405314 7.24298e-05 -0.00802878 -0.000595383 -0.0542015 0.000281964 -0.0536665 0.000710566 -0.0391418 9.69611e-05 0.0231252 0.00112174 -0.0456624 0.000111839 0.263258 -0.00404319 0.0470629 0.00019185 -0.00761576 -0.00244802 0.0573895 -7.7983e-05 0.353995 -0.00208891 0.43709 0 -0.125836 -0.00188109 -0.0326887 -0.0026914 -0.0364232 1.2938e-05 0.00216572 -0.00166547 -0.00562914 0.000147934 
-0.150094 -0.00149486 -0.0185023 -0.000201537 -0.0692394 -0.00118277 0.0605751 -0.000157865 0.0883429 -0.00171262 -0.0329604 -2.23357e-05 0.349549 0.000934114 0.0815905 -9.39985e-05 -0.0330813 0.002339 -0.0130005 -0.000265988 0.292509 0.00121263 -0.0215033 8.23923e-05 -0.125836 0.00188109 0.505192 0 -0.0392117 -4.54425e-05 -0.00204276 0.00140538 0.0716774 -7.56597e-05 0.0633514 0.000821484 
0.066608 -0.000791292 0.0804237 -6.4816e-06 0.0546867 0.000352767 0.0042676 -2.05328e-05 -0.069135 -0.00123933 -0.0229103 -5.21636e-05 -0.0998356 0.00242007 -0.0113503 0.000156421 0.29258 0.00382887 -0.0166893 -4.12427e-05 0.0649575 0.00163922 0.0722752 0.000107928 -0.0326887 0.0026914 -0.0392117 4.54425e-05 0.562844 0 0.383288 0.00183104 -0.0311222 -7.98146e-05 -0.246268 0.00157973 
0.0584511 -1.71912e-05 0.0610566 -0.000708454 -0.0149045 -4.48934e-05 -0.00227382 0.000380883 -0.0312055 0.000127242 -0.00221309 0.000755392 -0.0605351 -0.000151626 -0.0921459 -0.0028454 0.0406696 -1.26541e-05 -0.100595 -0.00190442 0.0611081 -0.000108257 0.0614017 -0.00139331 -0.0364232 -1.2938e-05 -0.00204276 -0.00140538 0.383288 -0.00183104 0.45791 0 0.238995 -0.00116609 -0.0405885 -3.2412e-05 
-0.00774424 -0.000585738 -0.0421507 -7.9505e-06 -0.0964917 -6.42911e-05 -0.0225938 3.02292e-05 0.0646042 -0.000775319 0.0671396 0.000112268 0.0669629 0.00133515 0.0159309 0.000175596 -0.101891 0.00231178 0.0601722 1.67934e-06 -0.00540697 0.0010331 -0.025437 0.000126142 0.00216572 0.00166547 0.0716774 7.56597e-05 -0.0311222 7.98146e-05 0.238995 0.00116609 0.469894 0 0.384647 0.000922079 
-0.0605436 1.61397e-05 -0.09851 0.00132255 -0.0433978 -7.07026e-05 -0.0296052 0.0017155 0.059296 6.07915e-05 0.0590828 0.00191184 0.0488724 -0.000211041 0.0590417 -0.00217092 -0.0549794 -0.000105174 0.286764 -0.000579662 -0.0360408 -8.82957e-05 -0.0648561 -0.00134645 -0.00562914 -0.000147934 0.0633514 -0.000821484 -0.246268 -0.00157973 -0.0405885 3.2412e-05 0.384647 -0.000922079 0.539758 0 
