911.658 0
911.842 1.91614
912.396 3.83707
913.319 5.76771
914.615 7.71294
916.286 9.6774
918.336 11.6658
920.771 13.6833
923.597 15.7354
926.82 17.828
930.449 19.9669
934.493 22.1581
938.961 24.4079
943.866 26.7231
949.22 29.1107
955.039 31.579
961.337 34.1365
968.133 36.7926
975.444 39.557
983.293 42.4401
991.702 45.4537
1000.7 48.6109
1010.3 51.9259
1020.55 55.4141
1031.48 59.0924
1043.12 62.979
1055.5 67.0944
1068.69 71.4617
1082.71 76.1068
1097.64 81.0592
1113.51 86.3521
1130.4 92.0223
1148.38 98.1109
1167.52 104.664
1187.9 111.735
1209.63 119.385
1232.81 127.683
1257.55 136.711
1283.98 146.562
1312.26 157.344
1342.53 169.182
1374.99 182.223
1409.83 196.639
1447.29 212.635
1487.62 230.454
1531.13 250.385
1578.13 272.777
1629 298.054
1684.17 326.73
1744.12 359.435
1809.38 396.952
1880.58 440.254
1958.39 490.564
2043.55 549.434
2136.87 618.846
2239.18 701.361
2351.27 800.31
2473.74 920.066
2606.79 1066.4
2749.76 1246.98
2900.32 1471.94
3052.98 1754.54
3196.61 2111.56
3310.16 2562.76
3356.24 3127.32
3273.48 3813.58
2973.99 4596.63
2363.05 5383.93
1402.91 5996
199.511 6223.72
-997.167 5972.08
-1941.24 5344.41
-2534.46 4551.6
-2819.4 3769.89
-2891.88 3088.07
-2839.01 2528.73
-2721.06 2082.45
-2574.54 1729.7
-2419.92 1450.71
-2267.95 1228.77
-2123.87 1050.71
-1989.89 906.508
-1866.58 788.579
-1753.7 691.211
-1650.6 610.082
-1556.47 541.898
-1470.47 484.13
-1391.78 434.818
-1319.66 392.43
-1253.42 355.758
-1192.44 323.841
-1136.19 295.906
-1084.18 271.329
-1035.99 249.601
-991.231 230.305
-949.58 213.098
-910.743 197.693
-874.46 183.852
-840.499 171.372
-808.657 160.083
-778.75 149.839
-750.613 140.517
-724.1 132.012
-699.08 124.234
-675.437 117.106
-653.068 110.556
-631.875 104.525
-611.772 98.9565
-592.677 93.8062
-574.52 89.0343
-557.233 84.6059
-540.76 80.49
-525.045 76.6581
-510.04 73.0851
-495.697 69.749
-481.975 66.6307
-468.838 63.7125
-456.25 60.9777
-444.179 58.4103
-432.593 55.9962
-421.464 53.7237
-410.764 51.5826
-400.47 49.5638
-390.56 47.6588
-381.012 45.8593
-371.806 44.1578
-362.925 42.548
-354.351 41.0249
-346.068 39.5841
-338.063 38.2208
-330.325 36.9291
-322.84 35.7028
-315.595 34.5363
-308.577 33.4256
-301.773 32.3689
-295.174 31.364
-288.772 30.4078
-282.555 29.4967
-276.515 28.6286
-270.643 27.8033
-264.934 27.0198
-259.381 26.2752
-253.98 25.5649
-248.72 24.885
-243.594 24.2345
-238.593 23.6143
-233.713 23.0247
-228.95 22.4649
-224.299 21.933
-219.756 21.4272
-215.315 20.9458
-210.971 20.4879
-206.72 20.0524
-202.556 19.6386
-198.474 19.246
-194.47 18.8742
-190.54 18.523
-186.68 18.1925
-182.884 17.883
-179.15 17.5945
-175.474 17.3273
-171.852 17.0823
-168.282 16.86
-164.762 16.6594
-161.289 16.4781
-157.855 16.3148
-154.455 16.1705
-151.084 16.0475
-147.737 15.9478
-144.412 15.8732
-141.102 15.8257
-137.806 15.8074
-134.518 15.8196
-131.236 15.8627
-127.951 15.9377
-124.657 16.0477
-121.345 16.1974
-118.011 16.3919
-114.646 16.6354
-111.244 16.9327
-107.792 17.2909
-104.283 17.7188
-100.704 18.2257
-97.0441 18.8223
-93.2877 19.5223
-89.4184 20.3432
-85.4186 21.3067
-81.2683 22.4391
-76.9452 23.7729
-72.4243 25.35
-67.6796 27.223
-62.6841 29.4578
-57.4094 32.1372
-51.826 35.3674
-45.9067 39.2886
-39.6338 44.0881
-33.0151 50.0158
-26.1067 57.402
-19.0543 66.6794
-12.1651 78.4037
-6.03269 93.2534
-1.73859 111.959
-1.1221 135.052
-6.99494 162.256
-22.8619 191.384
-51.3357 217.209
-91.0637 232.105
-134.835 230.207
-172.843 212.201
-198.872 184.725
-212.549 155.208
-216.886 128.302
-215.365 105.738
-210.638 87.5579
-204.394 73.1404
-197.603 61.7377
-190.79 52.6823
-184.221 45.4371
-178.018 39.5868
-172.225 34.8155
-166.842 30.8845
-161.85 27.6142
-157.219 24.8683
-152.919 22.542
-148.918 20.5539
-145.185 18.8418
-141.693 17.3578
-138.418 16.0637
-135.34 14.9278
-132.439 13.9245
-129.699 13.0336
-127.104 12.2386
-124.642 11.5252
-122.299 10.8817
-120.066 10.2987
-117.931 9.76948
-115.888 9.28829
-113.931 8.84954
-112.052 8.44804
-110.248 8.07914
-108.512 7.73811
-106.84 7.42011
-105.225 7.12211
-103.659 6.84389
-102.141 6.58655
-100.67 6.34975
-99.2438 6.13096
-97.8604 5.92754
-96.5165 5.73879
-95.2107 5.56539
-93.9443 5.40645
-92.7181 5.25767
-91.5293 5.11338
-90.3715 4.97057
-89.2389 4.83051
-88.1291 4.69641
-87.0423 4.56991
-85.9785 4.4505
-84.9362 4.33788
-83.9141 4.23334
-82.9135 4.13858
-81.9373 4.05288
-80.9872 3.9722
-80.0612 3.8917
-79.1546 3.80928
-78.2638 3.72582
-77.3872 3.64263
-76.5236 3.56005
-75.671 3.47851
-74.8277 3.39986
-73.9935 3.32677
-73.1703 3.26049
-72.3592 3.20023
-71.5593 3.14546
-70.7701 3.09782
-69.9939 3.05945
-69.2354 3.02908
-68.4969 3.00126
-67.7757 2.97006
-67.0661 2.93334
-66.3632 2.89344
-65.6663 2.85399
-64.9769 2.81636
-64.296 2.77929
-63.6223 2.74131
-62.9533 2.70238
-62.2873 2.66397
-61.6235 2.62832
-60.9625 2.59757
-60.3061 2.57285
-59.6562 2.55385
-59.0142 2.53899
-58.3799 2.52609
-57.7516 2.51362
-57.1272 2.5014
-56.5052 2.49045
-55.8853 2.48192
-55.2678 2.47598
-54.6517 2.47235
-54.0356 2.47181
-53.4192 2.47649
-52.8039 2.48821
-52.1926 2.50679
-51.5871 2.52939
-50.9866 2.55174
-50.3867 2.57109
-49.7822 2.58838
-49.1703 2.60681
-48.5505 2.62887
-47.9218 2.65575
-47.2825 2.68929
-46.6315 2.73285
-45.97 2.78976
-45.3006 2.86118
-44.6249 2.94562
-43.9418 3.04073
-43.2479 3.14511
-42.5384 3.25893
-41.8073 3.38468
-41.0492 3.52824
-40.2619 3.69767
-39.4469 3.89906
-38.6048 4.13423
-37.7311 4.40397
-36.8162 4.71403
-35.8514 5.07774
-34.8336 5.51213
-33.7633 6.03248
-32.6382 6.65251
-31.45 7.39119
-30.1887 8.28019
-28.8499 9.36667
-27.4412 10.712
-25.9864 12.3921
-24.5322 14.5007
-23.1663 17.154
-22.0484 20.4848
-21.4562 24.6087
-21.8217 29.5392
-23.7039 35.0367
-27.605 40.4562
-33.6305 44.777
-41.2311 46.9423
-49.2737 46.3175
-56.3997 43.0098
-61.5744 37.8888
-64.5111 32.1449
-65.5768 26.7113
-65.3755 22.0426
-64.44 18.2311
-63.138 15.1927
-61.6936 12.7896
-60.2328 10.8848
-58.819 9.36136
-57.4779 8.1281
-56.2157 7.11911
-55.0319 6.28823
-53.9257 5.6007
-52.8947 5.02716
-51.9333 4.5431
-51.0331 4.13096
-50.1879 3.77982
-49.3952 3.48065
-48.6537 3.22221
-47.958 2.99245
-47.2988 2.78353
-46.6675 2.59373
-46.0597 2.42462
-45.4747 2.27753
-44.9143 2.15185
-44.3808 2.04425
-43.8746 1.94879
-43.3923 1.85941
-42.9279 1.77351
-42.4764 1.69307
-42.0379 1.62133
-41.6154 1.55803
-41.21 1.49867
-40.818 1.43881
-40.4338 1.37871
-40.0549 1.32239
-39.6834 1.27246
-39.3215 1.22755
-38.9682 1.18562
-38.6216 1.14745
-38.2831 1.11465
-37.9554 1.0856
-37.638 1.05596
-37.3266 1.02342
-37.0169 0.990314
-36.7084 0.960988
-36.4042 0.93769
-36.1068 0.919605
-35.8174 0.905138
-35.5365 0.89333
-35.2656 0.882197
-35.0047 0.86757
-34.7498 0.84548
-34.4946 0.815563
-34.2342 0.781956
