-15.1641 0
-10.1487 -6.01239
-4.10541 -2.44547
-6.30485 2.78861
-10.1249 1.87818
-10.3599 0.151905
-11.1481 -0.614305
-10.5667 -3.54534
-6.26816 -3.35738
-6.06927 1.75546
-11.3772 2.56639
-12.7717 -1.92408
-9.80252 -3.23665
-9.11868 -1.66665
-9.5037 -1.53116
-9.02392 -0.564354
-11.0954 1.09765
-13.9771 -1.19635
-11.7838 -4.48335
-8.52658 -1.87929
-11.5065 1.57271
-14.7491 -0.933239
-13.21 -3.17581
-10.5123 -4.51
7.29927 6.50137
-43.0353 104.831
-494.283 -109.827
338.303 -1972.31
7284.21 935.115
-1875.87 24293.7
-72686.9 -1823.46
-5163.93 -195386
472132 -36819
133350 1.02539e+06
-2.00131e+06 365946
-830690 -3.51016e+06
5.53239e+06 -1.61419e+06
2.73109e+06 7.83494e+06
-9.96895e+06 4.06205e+06
-5.34285e+06 -1.13947e+07
1.16987e+07 -6.23945e+06
6.48749e+06 1.07864e+07
-8.9296e+06 6.01781e+06
-4.98749e+06 -6.6358e+06
4.42523e+06 -3.69748e+06
2.45419e+06 2.64734e+06
-1.42011e+06 1.45951e+06
-778109 -682708
293962 -372044
159616 113297
-39037.8 61482.4
-21257.3 -11993.7
3287.65 -6581.08
1830.37 818.999
-180.509 471.129
-105.031 -19.824
0.515008 -3.73789
-4.11615 13.1016
-2.89184 10.0703
-0.80296 13.7879
-5.00883 14.173
-4.07427 9.08912
1.40862 11.0796
-2.44486 16.6961
-9.05064 10.7633
-2.4649 2.65461
6.44531 8.21892
2.79504 17.267
-6.45373 16.4058
-9.40609 7.22364
-1.28732 0.584353
7.3683 7.04502
2.29771 15.7718
-5.03152 11.8506
-2.30166 7.38815
-2.08207 9.4875
-4.89295 5.23513
2.67628 0.553366
9.75776 9.86084
0.160149 19.6813
-12.4538 11.334
-6.67976 -3.0531
7.36082 -0.0385346
6.06101 11.3964
-0.958132 10.4617
0.663886 9.33772
-5.07335 12.4986
-10.3038 0.0171908
7.77469 -7.08296
16.0162 15.1145
-8.80984 23.9591
-18.0716 -1.83621
7.10642 -11.206
15.9959 12.4667
-6.06669 20.3133
-12.3253 -0.281574
6.87486 -4.04883
6.88681 13.8346
-9.65852 8.89241
1.15709 -5.98545
14.0538 11.3196
-9.62533 22.6097
-20.5057 -5.94492
10.014 -17.8886
24.2176 10.9851
0.541019 28.053
-19.0197 12.5441
-13.5471 -7.85699
5.04682 -12.8211
19.6102 1.08058
12.912 23.7838
-16.2116 26.0253
-27.7814 -7.65383
8.8374 -27.0366
32.7399 11.7871
-8.70146 36.0417
-29.3819 -9.31642
21.6818 -23.7112
29.0982 34.957
-38.6631 37.0534
-38.9127 -40.3733
47.7 -42.8981
56.1589 51.4899
-43.6499 68.3005
-69.4234 -33.5804
30.5204 -66.9269
68.5451 27.0708
-16.0097 66.3468
-53.4104 -6.01347
4.95826 -39.1631
32.4664 4.56258
2.96234 26.0046
-12.4817 9.50973
-7.1912 0.198055
-4.70839 -3.45845
5.50817 -8.89401
19.8909 5.7534
2.60776 29.4687
-29.4941 11.2446
-12.0868 -26.4562
26.6577 -11.594
15.7927 22.5441
-7.94865 16.4733
-6.3127 7.98316
-15.8642 6.98026
-15.1077 -20.5534
27.5787 -23.1606
36.0586 30.0332
-22.497 45.7335
-45.242 -13.745
12.2956 -41.6649
42.0467 12.9481
-10.1448 40.3558
-31.0849 -10.5787
19.6465 -21.9564
20.3227 28.9869
-30.2294 20.2526
-15.4238 -28.097
27.8915 -11.4495
13.0991 23.528
-10.4561 12.5336
-2.72974 2.56561
-6.9822 9.93416
-18.25 -7.42787
9.8364 -26.6358
39.4608 9.43843
-2.26484 49.7195
-51.2163 4.08471
-3.06356 -49.881
51.5499 -0.585856
2.59317 50.6816
-42.5989 3.36573
2.53157 -34.8672
34.9962 8.69051
-8.57373 38.3213
-39.017 -7.2193
10.3463 -41.477
49.8476 13.3375
-11.8488 57.924
-60.5843 -11.7849
17.6929 -64.1515
74.6352 22.3082
-18.3766 86.5829
-93.9211 -10.1218
2.8633 -100.683
110.491 -7.48917
24.121 116.416
-111.919 39.5256
-46.5837 -101.41
89.9938 -49.0356
51.0699 73.5738
-49.4168 47.3335
-33.5631 -25.8936
11.2497 -16.7231
4.37686 2.48207
5.17864 -6.05965
17.9455 8.25524
-4.32103 25.7972
-24.9673 -0.933785
5.13295 -20.9525
19.3862 13.4142
-21.1847 16.5212
-8.93272 -32.011
48.0579 -2.58152
2.6255 61.5338
-65.5944 3.94808
-1.23763 -64.5178
63.9855 1.12687
1.5159 60.9083
-52.0165 4.47126
-2.70434 -42.7256
37.8842 -0.0557155
0.369835 32.8343
-22.7568 -1.1757
8.78651 -11.8038
4.17428 17.3082
-21.7004 -4.46833
17.591 -26.168
35.0835 28.8668
-31.5651 43.88
-47.6781 -28.1576
22.3335 -49.8853
53.4866 10.895
7.45698 52.857
-43.2174 24.2981
-31.6198 -29.7024
18.5094 -31.7579
29.2921 7.6393
5.23225 22.0252
-8.44234 14.555
-15.2761 4.80693
-11.8162 -11.0888
6.13736 -15.8131
20.6963 -2.94166
18.4024 22.7836
-19.2332 33.3761
-41.06 -16.1516
19.7469 -44.1264
47.2923 27.2023
-34.0741 48.9459
-48.0932 -42.3751
53.3042 -50.967
62.0025 60.4457
-58.8112 75.7833
-85.8243 -53.119
49.2704 -93.6457
101.642 45.2942
-38.2356 105.255
-100.41 -31.8537
29.5348 -91.1224
82.1061 27.3802
-22.1279 71.5465
-58.6263 -18.2236
19.4068 -49.9644
50.4016 21.0782
-18.7311 54.793
-56.6022 -16.2819
18.3392 -57.3117
60.1659 21.7138
-22.1036 62.6093
-62.7831 -21.6122
22.0587 -65.9738
76.6468 18.3413
-6.16511 90.8329
-103.343 10.6484
-27.6138 -115.075
126.082 -46.8821
69.959 129.256
-118.846 90.7205
-103.192 -98.5997
74.6333 -109.23
111.46 47.5546
-18.5674 106.022
-89.7012 4.48698
-15.1917 -67.1864
44.0367 -16.2114
12.2005 19.4536
6.98899 2.24504
13.7758 28.7871
-40.2319 28.8573
-36.683 -44.2024
45.5077 -39.5504
41.9395 43.2584
-36.4295 42.9601
-41.5896 -29.7361
26.774 -41.9619
46.1699 23.9321
-17.817 48.5223
-43.9471 -11.9051
9.15917 -35.6804
28.2434 5.06655
4.97021 19.8318
-8.43261 17.9037
-29.2939 1.52985
-5.77643 -40.4917
52.9985 -6.97379
8.39394 62.6877
-66.7886 7.46974
-2.35433 -70.2839
78.535 1.74224
0.33866 89.5295
-99.4555 6.28897
-12.0534 -109.199
118.905 -18.2779
24.8612 122.996
-117.619 26.1642
-18.7209 -107.012
96.2488 -7.6416
-1.0635 84.0442
-68.9085 -8.41077
16.8332 -55.6289
48.8248 23.5689
-26.2228 46.1581
-44.1269 -28.393
33.1111 -44.128
46.4813 36.8806
-36.6492 45.2184
-35.9458 -36.4577
40.6716 -23.3111
14.4993 46.5926
-50.0007 11.0774
-12.7913 -51.9759
54.1878 -22.5024
40.5847 53.7281
-48.8792 60.4262
-75.9872 -43.8277
41.3637 -88.307
99.0331 36.9294
-26.0639 104.137
-100.411 -11.7697
-1.41035 -91.9588
83.7669 -14.2625
27.6479 74.6202
-62.3676 36.7694
-37.4027 -50.0257
40.3071 -32.3668
25.8459 30.0324
-16.423 17.0767
-5.57622 -3.52916
-3.4569 3.4074
-4.96694 -4.68393
0.993694 -0.597132
-7.46719 -10.8149
31.6923 -22.1016
45.6768 54.8064
-72.1874 74.372
-103.752 -81.6994
82.6912 -134.124
164.769 71.6689
-48.7048 189.096
-201.729 -22.1504
0.470892 -204.674
200.613 -15.5538
27.3151 186.053
-157.407 31.4556
-24.7437 -118.46
75.9741 -10.251
-7.43727 33.2232
6.79578 -28.0248
51.2255 37.9774
-57.3572 72.6281
-89.7339 -69.6251
79.7661 -106.583
126.556 86.3139
-86.8117 145.768
-158.773 -83.7906
79.6029 -165.039
164.545 71.2694
-56.4421 153.434
-130.487 -38.9304
22.5417 -102.462
76.8691 5.05019
15.8939 54.3032
-32.9928 36.4084
-51.8146 -14.9372
1.60855 -63.2057
73.1653 -10.8369
25.9503 80.5016
-84.8151 41.5316
-55.0297 -90.5689
100.446 -68.8082
84.3572 109.505
-111.39 96.5913
-99.5927 -105.506
93.4567 -93.1289
78.7011 74.6281
-51.1622 55.1907
-24.1822 -31.5517
22.9467 6.14887
-28.7165 24.3435
-32.1759 -44.4459
56.5175 -46.8246
67.9543 63.2448
-62.0931 89.1006
-103.154 -55.1719
44.9509 -108.741
106.353 29.7831
-9.38259 94.0134
-72.6514 10.4121
-24.0542 -50.412
35.3622 -32.6715
38.9776 27.9985
-25.536 41.21
-37.6237 -28.0712
35.2069 -31.8196
28.0453 42.2592
-45.9633 26.0867
-25.9149 -49.4602
56.487 -32.0313
47.645 65.4087
-73.584 69.4249
-93.029 -81.7821
88.7732 -118.443
144.672 87.2481
-71.3293 165
-173.696 -43.6545
10.0128 -172.675
166.014 -27.6493
67.3704 152.79
-130.8 101.811
-123.082 -102.485
71.7892 -129.094
120.737 40.104
-10.633 98.36
-66.5567 8.42951
-11.0471 -37.1017
20.72 0.311343
-19.8704 19.282
-29.9223 -44.896
72.1704 -51.1932
80.1905 94.087
-104.362 109.634
-134.207 -103.175
91.7472 -155.439
175.083 67.303
-29.1759 188.6
-190.583 15.0717
-55.6397 -181.749
165.019 -88.6839
114.046 139.398
-103.221 130.15
-136.655 -59.0604
10.3422 -137.3
134.3 -42.1783
95.4705 123.869
-102.089 140.561
-169.176 -70.8233
33.6552 -180.015
174.508 -8.45446
52.2878 152.173
-115.52 88.7297
-110.133 -73.9457
36.3424 -117.302
114.508 3.57061
27.12 102.698
-82.8972 55.1676
-79.2659 -61.2207
44.446 -101.714
124.489 34.2533
-30.1205 145.191
-161.804 -32.721
39.2611 -176.768
191.224 40.6233
-29.3364 199.816
-196.374 -7.17503
-18.9342 -180.49
154.159 -43.4118
60.146 117.325
-72.0875 60.5405
-40.3438 -26.2841
-12.8927 -4.96703
-36.737 -44.7795
70.1413 -79.8012
120.275 85.1479
-85.6542 151.03
-166.629 -72.9397
50.2838 -168.425
159.963 18.6298
19.3346 141.722
-114.931 55.8117
-84.3317 -85.2888
57.1659 -105.695
123.049 28.2628
5.07813 135.77
-142.777 41.5399
-77.9658 -146.573
148.535 -113.195
143.323 144.97
-133.49 158.331
-149.931 -119.203
109.607 -119.819
76.308 107.477
-113.117 27.4808
18.1927 -128.413
153.231 50.5531
-63.6291 182.154
-209.66 -59.4449
41.7579 -233.981
251.269 10.8252
31.0092 251.455
-226.064 73.9974
-107.293 -176.783
112.261 -127.078
134.559 41.3348
26.3545 131.324
-121.77 79.4362
-111.631 -114.725
116.3 -126.512
131.088 124.431
-134.742 128.774
-122.429 -147.206
162.635 -118.259
120.569 177.975
-190.509 126.713
-132.132 -202.061
213.821 -136.045
137.768 221.552
-220.96 132.933
-119.161 -213.258
200.569 -101.226
85.4625 180.693
-151.564 73.2168
-63.9575 -116.081
77.3556 -59.1073
56.9914 34.02
14.2915 48.8334
-26.0178 61.2215
-98.696 11.6359
-58.3929 -123.607
135.33 -108.032
152.217 132.052
-114.983 179.641
-183.756 -91.3718
67.6851 -168.181
140.078 43.8482
-18.8851 102.658
-58.5606 2.69095
-15.3908 -14.8116
-21.8477 -19.1645
16.5248 -50.835
74.4684 8.18494
3.52073 93.7424
-112.044 12.2934
-15.0666 -137.297
173.801 -17.6496
28.2318 215.301
-250.703 49.2777
-79.7045 -272.526
276.113 -119.068
163.727 257.158
-216.704 203.769
-229.864 -164.353
110.669 -239.645
233.17 59.7498
-13.1044 207.386
-160.595 24.6844
-49.5214 -97.8677
26.9863 -62.1368
63.7388 -46.513
116.096 52.254
-27.9328 172.362
-210.882 2.60473
-33.6275 -237.554
260.543 -66.9823
106.228 280.725
-294.158 148.574
-187.338 -298.424
291.42 -217.177
231.961 269.849
-235.482 223.534
-189.378 -198.721
170.437 -137.694
79.7518 154.246
-150.883 21.4778
33.2976 -163.953
195.097 77.5702
-105.448 238.054
-283.001 -117.109
114.303 -322.212
347.084 96.2023
-65.1998 346.33
-314.493 -31.3955
5.0361 -258.515
190.674 -11.3966
19.0528 119.332
-50.6107 16.6421
-4.34322 7.98703
-53.0274 11.796
-25.8921 -89.846
125.733 -38.4631
51.6423 162.209
-198.081 63.4636
-72.2498 -233.789
266.766 -81.0429
91.7884 288.323
-291.83 100.484
-103.956 -279.612
256.578 -105.977
110.549 222.737
-177.932 114.25
-111.284 -128.261
81.2156 -101.153
86.072 38.9957
-1.72667 66.7423
-46.7394 28.8575
-55.067 -34.9038
36.1665 -86.296
128.899 44.5594
-51.2041 177.11
-219.39 -54.2394
55.7268 -248.544
260.73 55.4003
-54.2458 251.953
-223.331 -58.3133
71.8471 -184.503
144.691 91.6223
-114.129 104.802
-63.7181 -142.437
179.249 -25.9212
-3.93241 218.708
-251.532 -28.259
51.9595 -272.756
278.93 76.6073
-105.318 265.397
-234.578 -145.986
201.253 -201.03
180.073 260.471
-308.81 175.469
-183.365 -339.302
350.346 -200.841
223.027 339.122
-305.784 238.999
-239.611 -257.814
201.885 -224.667
195.667 136.887
-62.3512 148.201
-79.501 12.4364
-75.4521 2.65848
-86.511 -122.127
151.677 -165.971
237.182 160.778
-149.251 293.455
-332.46 -125.002
94.4458 -361.385
385.544 54.4628
-2.39622 397.784
-387.557 52.6978
-97.5176 -354.063
302.493 -126.506
138.029 235.447
-158.105 126.641
-89.4954 -84.816
29.9711 -34.0704
-29.9902 -2.46219
12.5729 -100.211
173.767 -3.7244
46.3022 239.004
-285.148 102.073
-155.601 -313.256
327.541 -201.694
237.981 324.299
-301.024 254.422
-242.885 -268.481
241.317 -209.888
167.754 223.452
-213.624 120.288
-68.3709 -216.161
232.868 -20.1459
-18.5943 252.769
-264.594 -56.0529
101.779 -272.456
285.578 149.461
-186.075 300.727
-309.484 -209.746
223.767 -314.1
319.988 222.491
-200.582 321.261
-311.303 -167.686
135.195 -298.904
294.382 96.307
-38.8709 287.552
-260.372 29.7606
-92.0427 -214.64
165.62 -147.019
204.775 115.643
-58.3577 261.169
-303.97 -2.34405
-37.8389 -338.6
378.432 -70.684
117.542 411.608
-409.043 173.32
-208.516 -367.816
315.112 -213.413
207.221 264.345
-201.366 196.22
-158.111 -124.354
62.0947 -82.8709
-3.48484 33.8553
-21.428 -76.3887
145.36 -3.88693
-6.01666 224.68
-295.734 13.2548
-51.3775 -327.59
319.112 -79.0566
87.6493 293.219
-261.401 88.8302
-85.283 -220.857
178.269 -69.2651
45.2149 148.606
-132.022 28.3633
-21.5206 -114.694
92.5782 -14.2937
5.55815 75.0112
-64.6037 7.9163
-28.6324 -51.7867
30.9214 -62.6848
106.005 5.76475
23.1844 159.813
-219.084 62.1223
-111.728 -270.653
306.539 -164.016
214.185 328.226
-335.601 264.353
-312.628 -322.75
287.831 -348.585
362.569 237.664
-179.826 350.888
-310.066 -118.886
62.8124 -235.623
130.625 24.4508
-12.7362 8.8458
113.231 -27.9412
66.5936 222.266
-306.227 124.021
-190.458 -355.603
370.205 -252.18
300.173 359.253
-331.91 333.263
-351.253 -291.879
242.106 -350.363
327.49 189.022
-139.726 284.491
-226.812 -98.9729
69.9049 -162.147
101.174 53.0002
-42.8915 53.956
-22.6729 -31.1731
15.1066 -1.17579
-16.3718 0.632984
4.79959 -28.9513
31.1975 -0.0735353
9.91384 18.8782
8.86841 16.1716
-10.0092 48.7485
-92.8259 13.8452
-53.1902 -131.734
160.604 -99.7667
145.886 180.71
-194.958 188.775
-229.07 -203.561
204.007 -267.882
305.743 192.73
-166.66 341.818
-373.524 -125.955
75.9259 -399.237
421.931 23.5707
29.3351 447.493
-477.825 88.3699
-160.908 -506.492
521.516 -249.105
347.382 511.558
-470.586 443.988
-524.333 -400.23
309.833 -575.497
590.321 213.201
-123.487 568.148
-512.376 -50.1049
-1.02364 -428.307
323.046 -26.156
23.1068 206.101
-89.4977 -8.79384
67.8116 12.7717
-87.0958 147.847
-237.809 -124.769
125.541 -324.722
398.561 96.4205
-46.7432 454.389
-490.773 15.9326
-86.7347 -507.291
503.279 -162.429
239.899 477.845
-430.911 314.669
-380.385 -365.104
287.056 -429.917
457.207 206.856
-136.218 458.704
-434.618 -86.4314
65.886 -390.087
334.741 77.2931
-116.501 279.755
-234.101 -174.328
240.065 -202.484
185.32 304.211
-359.536 179.724
-180.643 -400.793
423.762 -181.317
172.715 425.134
-404.598 143.489
-82.9816 -367.842
326.77 13.0473
-138.124 295.151
-282.239 -276.007
406.771 -288.617
306.719 514.628
-593.236 325.658
-337.345 -645.456
678.016 -339.566
333.93 695.578
-698.786 321.376
-299.805 -686.468
658.671 -265.298
215.113 618.133
-569.719 150.506
-77.9092 -517.849
463.246 -6.56343
-57.0807 402.674
-333.605 -113.5
168 -259.851
191.851 223.992
-278.154 140.623
-110.529 -321.397
344.025 -96.119
84.4632 341.32
-316.536 61.5221
-19.2092 -279.506
241.636 41.2184
-111.375 211.148
-191.845 -180.742
240.39 -184.515
188.372 284.608
-311.439 202.094
-224.749 -321.838
317.546 -255.224
289.924 300.387
-274.451 322.266
-346.734 -247.73
229.157 -364.256
383.24 222.802
-224.52 415.378
-469.778 -223.222
205.164 -548.278
643.204 159.521
-83.5764 739.181
-818.971 15.6409
-124.734 -869.458
883.955 -229.166
316.292 861.674
-807.207 376.307
-403.191 -729.952
642.07 -395.17
353.474 556.081
-483.74 280.914
-182.213 -435.039
415.907 -64.7136
-62.574 426.452
-461.861 -190.545
310.669 -514.697
576.784 415.922
-502.558 641.598
-707.316 -569.921
616.764 -776.875
852.818 638.204
-627.724 931.087
-999.56 -582.48
506.969 -1041.68
1041.91 413.332
-319.057 991.195
-891.194 -242.047
194.294 -754.184
597.64 178.734
-191.953 437.994
-288.198 -229.084
285.79 -158.167
54.8057 357.136
-435.899 -18.7742
64.1134 -511.364
569.887 89.0646
-108.925 599.821
-599.267 -142.36
201.531 -578.899
555.179 284.329
-376.369 539.774
-534.456 -460.483
525.448 -533.38
528.192 569.487
-599.113 512.393
-483.764 -624.501
653.545 -443.583
393.321 688.717
-728.521 332.817
-262.147 -770.212
810.508 -184.162
104.57 845.485
-871.108 30.5886
30.6871 -882.879
874.702 75.8401
-109.617 840.939
-782.145 -144.45
192.725 -707.826
631.366 258.608
-336.8 561.845
-500.29 -417.031
488.9 -441.296
376.751 545.435
-585.752 300.549
-213.403 -614.667
638.459 -123.864
43.8021 660.945
-683.342 -17.2011
53.9717 -705.516
725.589 65.567
-55.2284 739.624
-743.22 -29.1347
-6.64243 -732.585
703.773 -47.2754
86.8143 653.854
-585.856 117.16
-131.951 -512.133
451.207 -131.203
121.589 420.907
-432.912 113.785
-120.036 -488.94
578.129 -150.68
208.825 679.185
-768.829 287.778
-374.74 -830.653
858.171 -456.65
522.783 853.326
-824.305 564.934
-577.87 -782.455
737.832 -558.72
504.436 697.197
-666.469 411.595
-281.09 -652.642
660.768 -122.468
-47.9386 689.702
-732.381 -213.13
360.335 -779.988
826.115 483.22
-581.625 869.808
-916.368 -657.355
707.702 -972.412
1036.26 723.987
-698.475 1092.63
-1118.17 -632.599
538.175 -1092.79
1007.6 432.368
-332.225 866.613
-684.428 -250.921
195.689 -481
275.064 169.098
-172.976 80.9906
89.5615 -209.522
277.147 226.409
-323.739 366.443
-461.582 -383.321
413.815 -545.123
602.642 427.992
-440.112 627.62
-625.696 -461.262
492.94 -612.656
604.721 525.639
-546.028 609.321
-623.92 -545.99
525.639 -640.233
647.767 491.312
-453.024 636.494
-600.306 -421.22
402.124 -538.584
454.024 395.748
-399.159 350.72
-235.641 -410.521
429.284 -119.801
15.4674 454.614
-485.06 -67.7539
124.759 -517.701
546.108 156.642
-172.737 561.601
-559.013 -187.908
213.625 -539.989
508.938 250.845
-291.796 467.134
-411.976 -327.019
350.699 -340.053
249.723 363.507
-374.121 143.696
-32.1109 -396.513
442.168 68.46
-142.03 513.694
-605.053 -179.845
