0 0 -0.102898 -0 0 0 0 0 0 0 -0.102898 -0 0 0 0 0 0 0 0 0 0 0 0 0 0 0 
-0.102898 0 0 0 -0.102898 -0 0 0 0 0 0 0 0 0 0 0 0 0 0 0 -0.102898 -0 0 0 0 0 
0 0 -0.102898 0 0 0 -0.102898 -0 0 0 0 0 -0.102898 -0 0 0 0 0 0 0 0 0 0 0 0 0 
0 0 0 0 -0.102898 0 0 0 -0.102898 -0 0 0 0 0 0 0 0 0 -0.102898 -0 0 0 0 0 0 0 
0 0 0 0 0 0 -0.102898 0 0 0 -0.102898 -0 0 0 0 0 0 0 0 0 0 0 0 0 0 0 
-0.102898 0 0 0 0 0 0 0 -0.102898 0 0 0 0 0 0 0 0 0 0 0 0 0 0 0 0 0 
0 0 0 0 -0.102898 0 0 0 0 0 0 0 0 0 -0.102898 -0 0 0 0 0 0 0 0 0 -0.102898 -0 
0 0 0 0 0 0 0 0 0 0 0 0 -0.102898 0 0 0 -0.102898 -0 0 0 0 0 0 0 0 0 
0 0 0 0 0 0 0 0 0 0 0 0 0 0 -0.102898 0 0 0 -0.102898 -0 0 0 0 0 0 0 
0 0 0 0 0 0 -0.102898 0 0 0 0 0 0 0 0 0 -0.102898 0 0 0 0 0 0 0 0 0 
0 0 -0.102898 0 0 0 0 0 0 0 0 0 0 0 0 0 0 0 0 0 0 0 -0.102898 -0 0 0 
0 0 0 0 0 0 0 0 0 0 0 0 0 0 0 0 0 0 0 0 -0.102898 0 0 0 -0.102898 -0 
0 0 0 0 0 0 0 0 0 0 0 0 -0.102898 0 0 0 0 0 0 0 0 0 -0.102898 0 0 0 
