0.5 0 0.275987 0 1.26233e-17 0 -0.11835 0 6.37587e-15 0 0.335162 0 -0.0126879 0 6.15383e-15 0 0.0464873 0 -6.39853e-15 0 6.42883e-15 0 -0.0591752 0 -6.33424e-15 0 
0.275987 0 0.5 0 0.263299 0 -3.60222e-17 0 -0.11835 0 -1.66915e-16 0 -2.23151e-16 0 -0.0126879 0 -1.23771e-17 0 -0.0126879 0 0.275987 0 2.90211e-17 0 -0.11835 0 
1.26233e-17 0 0.263299 0 0.5 0 0.263299 0 2.33276e-16 0 -0.11835 0 0.263299 0 5.65272e-17 0 -0.11835 0 -1.81763e-18 0 1.87803e-16 0 -0.11835 0 2.32238e-17 0 
-0.11835 0 -3.60222e-17 0 0.263299 0 0.5 0 0.275987 0 -7.9461e-17 0 9.11635e-17 0 -0.11835 0 4.31536e-17 0 0.275987 0 -0.0126879 0 1.00754e-16 0 -0.0126879 0 
6.37587e-15 0 -0.11835 0 2.33276e-16 0 0.275987 0 0.5 0 0.335162 0 -0.0126879 0 -6.44781e-15 0 -0.0591752 0 6.19291e-15 0 -6.22321e-15 0 0.0464873 0 6.43393e-15 0 
0.335162 0 -1.66915e-16 0 -0.11835 0 -7.9461e-17 0 0.335162 0 0.5 0 2.45613e-17 0 0.0464873 0 -4.50105e-17 0 -0.0591752 0 -0.0591752 0 -1.39376e-16 0 0.0464873 0 
-0.0126879 0 -2.23151e-16 0 0.263299 0 9.11635e-17 0 -0.0126879 0 2.45613e-17 0 0.5 0 0.275987 0 3.33324e-17 0 -0.11835 0 -0.11835 0 2.57189e-16 0 0.275987 0 
6.15383e-15 0 -0.0126879 0 5.65272e-17 0 -0.11835 0 -6.44781e-15 0 0.0464873 0 0.275987 0 0.5 0 0.335162 0 6.31781e-15 0 -6.33424e-15 0 -0.0591752 0 6.43393e-15 0 
0.0464873 0 -1.23771e-17 0 -0.11835 0 4.31536e-17 0 -0.0591752 0 -4.50105e-17 0 3.33324e-17 0 0.335162 0 0.5 0 0.335162 0 0.0464873 0 -1.03866e-16 0 -0.0591752 0 
-6.39853e-15 0 -0.0126879 0 -1.81763e-18 0 0.275987 0 6.19291e-15 0 -0.0591752 0 -0.11835 0 6.31781e-15 0 0.335162 0 0.5 0 6.31527e-15 0 0.0464873 0 -6.27618e-15 0 
6.42883e-15 0 0.275987 0 1.87803e-16 0 -0.0126879 0 -6.22321e-15 0 -0.0591752 0 -0.11835 0 -6.33424e-15 0 0.0464873 0 6.31527e-15 0 0.5 0 0.335162 0 6.27873e-15 0 
-0.0591752 0 2.90211e-17 0 -0.11835 0 1.00754e-16 0 0.0464873 0 -1.39376e-16 0 2.57189e-16 0 -0.0591752 0 -1.03866e-16 0 0.0464873 0 0.335162 0 0.5 0 0.335162 0 
-6.33424e-15 0 -0.11835 0 2.32238e-17 0 -0.0126879 0 6.43393e-15 0 0.0464873 0 0.275987 0 6.43393e-15 0 -0.0591752 0 -6.27618e-15 0 6.27873e-15 0 0.335162 0 0.5 0 
