0.5 0 0.275987 4.56207e-09 -3.00245e-09 -1.59844e-16 -0.11835 6.48388e-09 -1.48466e-09 -1.05632e-16 0.335162 2.01295e-09 -0.0126879 6.38131e-09 -1.68743e-09 -2.21519e-16 0.0464873 3.27594e-09 -1.68757e-09 -2.15432e-17 -1.35189e-09 4.20566e-18 -0.0591752 3.1749e-09 -1.68757e-09 -2.77238e-16 
0.275987 -4.56207e-09 0.5 0 0.263299 -1.05649e-08 4.09399e-09 2.57602e-16 -0.11835 -6.48388e-09 1.97517e-09 -4.6714e-16 4.09399e-09 3.12802e-16 -0.0126879 -6.38132e-09 2.24433e-09 -2.24097e-16 -0.0126879 -6.38132e-09 0.275987 -4.56207e-09 1.97517e-09 1.42308e-16 -0.11835 -6.48388e-09 
-3.00245e-09 1.59844e-16 0.263299 1.05649e-08 0.5 0 0.263299 1.0565e-08 -3.00246e-09 3.31721e-16 -0.11835 6.3742e-09 0.263299 1.0565e-08 -3.00247e-09 5.45671e-18 -0.11835 6.37423e-09 -3.00247e-09 -1.71964e-16 -3.00245e-09 -1.76834e-17 -0.11835 6.3742e-09 -3.00246e-09 1.12811e-16 
-0.11835 -6.48388e-09 4.09399e-09 -2.57602e-16 0.263299 -1.0565e-08 0.5 0 0.275987 -4.56209e-09 1.97517e-09 2.89276e-16 4.09401e-09 3.09852e-16 -0.11835 -6.48391e-09 1.97519e-09 -6.03963e-17 0.275987 -4.56211e-09 -0.0126879 -6.38131e-09 2.24432e-09 2.45561e-16 -0.0126879 -6.38132e-09 
-1.48466e-09 1.05632e-16 -0.11835 6.48388e-09 -3.00246e-09 -3.31721e-16 0.275987 4.56209e-09 0.5 0 0.335162 2.01296e-09 -0.0126879 6.38132e-09 -1.68758e-09 -5.3417e-16 -0.0591752 3.17492e-09 -1.3519e-09 1.84235e-20 -1.68757e-09 -2.11637e-16 0.0464873 3.27593e-09 -1.68742e-09 -2.6498e-16 
0.335162 -2.01295e-09 1.97517e-09 4.6714e-16 -0.11835 -6.3742e-09 1.97517e-09 -2.89276e-16 0.335162 -2.01296e-09 0.5 0 2.24432e-09 1.01863e-16 0.0464873 -3.27594e-09 1.12717e-09 4.71242e-17 -0.0591752 -3.17491e-09 -0.0591752 -3.1749e-09 1.12716e-09 3.09659e-16 0.0464873 -3.27593e-09 
-0.0126879 -6.38131e-09 4.09399e-09 -3.12802e-16 0.263299 -1.0565e-08 4.09401e-09 -3.09852e-16 -0.0126879 -6.38132e-09 2.24432e-09 -1.01863e-16 0.5 0 0.275987 -4.56211e-09 1.97518e-09 2.65455e-16 -0.11835 -6.48391e-09 -0.11835 -6.48388e-09 1.97517e-09 -6.36899e-16 0.275987 -4.56209e-09 
-1.68743e-09 2.21519e-16 -0.0126879 6.38132e-09 -3.00247e-09 -5.45671e-18 -0.11835 6.48391e-09 -1.68758e-09 5.3417e-16 0.0464873 3.27594e-09 0.275987 4.56211e-09 0.5 0 0.335162 2.01297e-09 -1.48467e-09 1.83986e-16 -1.68757e-09 -2.35927e-16 -0.0591752 3.17491e-09 -1.3519e-09 -4.66368e-17 
0.0464873 -3.27594e-09 2.24433e-09 2.24097e-16 -0.11835 -6.37423e-09 1.97519e-09 6.03963e-17 -0.0591752 -3.17492e-09 1.12717e-09 -4.71242e-17 1.97518e-09 -2.65455e-16 0.335162 -2.01297e-09 0.5 0 0.335162 -2.01297e-09 0.0464873 -3.27594e-09 1.12717e-09 2.49056e-16 -0.0591752 -3.17492e-09 
-1.68757e-09 2.15432e-17 -0.0126879 6.38132e-09 -3.00247e-09 1.71964e-16 0.275987 4.56211e-09 -1.3519e-09 -1.84235e-20 -0.0591752 3.17491e-09 -0.11835 6.48391e-09 -1.48467e-09 -1.83986e-16 0.335162 2.01297e-09 0.5 0 -1.68743e-09 -1.22444e-16 0.0464873 3.27594e-09 -1.68758e-09 2.53044e-16 
-1.35189e-09 -4.20566e-18 0.275987 4.56207e-09 -3.00245e-09 1.76834e-17 -0.0126879 6.38131e-09 -1.68757e-09 2.11637e-16 -0.0591752 3.1749e-09 -0.11835 6.48388e-09 -1.68757e-09 2.35927e-16 0.0464873 3.27594e-09 -1.68743e-09 1.22444e-16 0.5 0 0.335162 2.01295e-09 -1.48466e-09 -2.18918e-18 
-0.0591752 -3.1749e-09 1.97517e-09 -1.42308e-16 -0.11835 -6.3742e-09 2.24432e-09 -2.45561e-16 0.0464873 -3.27593e-09 1.12716e-09 -3.09659e-16 1.97517e-09 6.36899e-16 -0.0591752 -3.17491e-09 1.12717e-09 -2.49056e-16 0.0464873 -3.27594e-09 0.335162 -2.01295e-09 0.5 0 0.335162 -2.01296e-09 
-1.68757e-09 2.77238e-16 -0.11835 6.48388e-09 -3.00246e-09 -1.12811e-16 -0.0126879 6.38132e-09 -1.68742e-09 2.6498e-16 0.0464873 3.27593e-09 0.275987 4.56209e-09 -1.3519e-09 4.66368e-17 -0.0591752 3.17492e-09 -1.68758e-09 -2.53044e-16 -1.48466e-09 2.18918e-18 0.335162 2.01296e-09 0.5 0 
