0 0
0.000183747 -0.000101307
0.000367493 -8.24112e-05
0.00055124 0.000140963
0.000734987 0.000126588
0.000918733 1.27978e-05
0.00110248 -6.21054e-05
0.00128623 -0.000418168
0.00146997 -0.000452569
0.00165372 0.000266212
0.00183747 0.000432432
0.00202121 -0.000356624
0.00220496 -0.000654442
0.00238871 -0.000365076
0.00257245 -0.000361197
0.0027562 -0.000142639
0.00293995 0.000295922
0.00312369 -0.000342691
0.00330744 -0.00135978
0.00349119 -0.000601646
0.00367493 0.000529998
0.00385868 -0.000330222
0.00404243 -0.00117726
0.00422617 -0.00174783
0.00440992 0.00262912
0.00459367 0.0441594
0.00477741 -0.0481145
0.00496116 -0.897292
0.00514491 0.441182
0.00532865 11.8709
0.0055124 -0.921747
0.00569615 -102.059
0.00587989 -19.8526
0.00606364 570.161
0.00624739 209.648
0.00643113 -2070.09
0.00661488 -979.158
0.00679863 4884.63
0.00698237 2600.9
0.00716612 -7487.95
0.00734987 -4205.34
0.00753361 7451.71
0.00771736 4258.75
0.00790111 -4807.91
0.00808485 -2741.28
0.0082686 2007.32
0.00845234 1131.25
0.00863609 -540.664
0.00881984 -300.906
0.00900358 93.5426
0.00918733 51.7982
0.00937108 -10.3067
0.00955482 -5.76627
0.00973857 0.731398
0.00992232 0.428675
0.0101061 -0.0183717
0.0102898 -0.00352703
0.0104736 0.0125833
0.0106573 0.00984154
0.0108411 0.013707
0.0110248 0.0143287
0.0112085 0.00934214
0.0113923 0.0115747
0.011576 0.0177236
0.0117598 0.011607
0.0119435 0.00290743
0.0121273 0.00914015
0.012311 0.0194933
0.0124948 0.0187975
0.0126785 0.00839846
0.0128623 0.000689235
0.013046 0.0084282
0.0132298 0.0191341
0.0134135 0.0145767
0.0135973 0.00921217
0.013781 0.0119897
0.0139647 0.00670403
0.0141485 0.000717956
0.0143322 0.0129599
0.014516 0.0261984
0.0146997 0.015278
0.0148835 -0.00416697
0.0150672 -5.32426e-05
0.015251 0.0159383
0.0154347 0.0148073
0.0156185 0.0133738
0.0158022 0.0181115
0.015986 2.52006e-05
0.0161697 -0.0105025
0.0163535 0.0226661
0.0165372 0.0363335
0.0167209 -0.00281551
0.0169047 -0.0173714
0.0170884 0.0195357
0.0172722 0.0321738
0.0174559 -0.000450724
0.0176397 -0.00654931
0.0178234 0.0226117
0.0180072 0.0146839
0.0181909 -0.00998451
0.0183747 0.0190733
0.0185584 0.0384778
0.0187422 -0.0102174
0.0189259 -0.0310463
0.0191096 0.0192501
0.0192934 0.0496321
0.0194771 0.0224047
0.0196609 -0.0141656
0.0198446 -0.0233315
0.0200284 0.00198462
0.0202121 0.0440828
0.0203959 0.0486758
0.0205796 -0.0144441
0.0207634 -0.0514784
0.0209471 0.0226416
0.0211309 0.069839
0.0213146 -0.0182096
0.0214984 -0.0467449
0.0216821 0.0695042
0.0218658 0.0742966
0.0220496 -0.0816338
0.0222333 -0.0874618
0.0224171 0.105846
0.0226008 0.141555
0.0227846 -0.0701621
0.0229683 -0.140963
0.0231521 0.0574733
0.0233358 0.141977
0.0235196 -0.0129697
0.0237033 -0.0851257
0.0238871 0.0099942
0.0240708 0.0574005
0.0242546 0.0211513
0.0244383 0.000443847
0.024622 -0.00780874
0.0248058 -0.0202314
0.0249895 0.0131843
0.0251733 0.0680261
0.025357 0.0261467
0.0255408 -0.0619636
0.0257245 -0.0273499
0.0259083 0.0535607
0.026092 0.0394151
0.0262758 0.0192356
0.0264595 0.0169367
0.0266433 -0.0502166
0.026827 -0.0569768
0.0270108 0.0743897
0.0271945 0.114049
0.0273782 -0.0345085
0.027562 -0.105307
0.0277457 0.0329442
0.0279295 0.103358
0.0281132 -0.027272
0.028297 -0.0569741
0.0284807 0.0757056
0.0286645 0.0532354
0.0288482 -0.0743283
0.029032 -0.0304817
0.0292157 0.0630343
0.0293995 0.0337901
0.0295832 0.00696003
0.029767 0.0271169
0.0299507 -0.0204008
0.0301344 -0.0736045
0.0303182 0.0262409
0.0305019 0.139069
0.0306857 0.011494
0.0308694 -0.141201
0.0310532 -0.00166829
0.0312369 0.145176
0.0314207 0.00969772
0.0316044 -0.101051
0.0317882 0.025333
0.0319719 0.112353
0.0321557 -0.0212876
0.0323394 -0.123003
0.0325232 0.0397781
0.0327069 0.173729
0.0328906 -0.0355446
0.0330744 -0.194569
0.0332581 0.0680358
0.0334419 0.265521
0.0336256 -0.0312105
0.0338094 -0.312154
0.0339931 -0.0233453
0.0341769 0.364855
0.0343606 0.124542
0.0345444 -0.321244
0.0347281 -0.156159
0.0349119 0.235544
0.0350956 0.152334
0.0352794 -0.0837699
0.0354631 -0.0543838
0.0356468 0.00811353
0.0358306 -0.0199103
0.0360143 0.0272634
0.0361981 0.0856314
0.0363818 -0.00311535
0.0365656 -0.070256
0.0367493 0.0452054
0.0369331 0.0559542
0.0371168 -0.108955
0.0373006 -0.0088301
0.0374843 0.211514
0.0376681 0.0136375
0.0378518 -0.223945
0.0380356 0.00393043
0.0382193 0.213469
0.038403 0.015746
0.0385868 -0.151183
0.0387705 -0.000198086
0.0389543 0.117289
0.039138 -0.00421959
0.0393218 -0.0425627
0.0395055 0.0627025
0.0396893 -0.0162627
0.039873 -0.0956809
0.0400568 0.106035
0.0402405 0.161922
0.0404243 -0.104379
0.040608 -0.185763
0.0407918 0.0407544
0.0409755 0.19861
0.0411592 0.0917097
0.041343 -0.112608
0.0415267 -0.120936
0.0417105 0.0292196
0.0418942 0.0846156
0.042078 0.0561621
0.0422617 0.018629
0.0424455 -0.0431609
0.0426292 -0.0618157
0.042813 -0.011549
0.0429967 0.0898324
0.0431805 0.132159
0.0433642 -0.0642277
0.043548 -0.176214
0.0437317 0.109088
0.0439154 0.19711
0.0440992 -0.171363
0.0442829 -0.206967
0.0444667 0.246477
0.0446504 0.310295
0.0448342 -0.218391
0.0450179 -0.386588
0.0452017 0.187747
0.0453854 0.438062
0.0455692 -0.133109
0.0457529 -0.382313
0.0459367 0.115338
0.0461204 0.302591
0.0463042 -0.0773801
0.0464879 -0.212998
0.0466716 0.0902113
0.0468554 0.235429
0.0470391 -0.0702328
0.0472229 -0.248182
0.0474066 0.0943953
0.0475904 0.273233
0.0477741 -0.0946819
0.0479579 -0.290139
0.0481416 0.0809704
0.0483254 0.402525
0.0485091 0.0473679
0.0486929 -0.513831
0.0488766 -0.210128
0.0490604 0.581511
0.0492441 0.409671
0.0494278 -0.446913
0.0496116 -0.496934
0.0497953 0.217148
0.0499791 0.485914
0.0501628 0.0206401
0.0503466 -0.310189
0.0505303 -0.0751187
0.0507141 0.0904697
0.0508978 0.0104785
0.0510816 0.134846
0.0512653 0.135661
0.0514491 -0.208544
0.0516328 -0.187263
0.0518165 0.205548
0.0520003 0.204855
0.052184 -0.142297
0.0523678 -0.201509
0.0525515 0.11533
0.0527353 0.234648
0.052919 -0.0577726
0.0531028 -0.173749
0.0532865 0.0247574
0.0534703 0.0972411
0.053654 0.0880887
0.0538378 0.00755288
0.0540215 -0.200589
0.0542053 -0.0346645
0.054389 0.312657
0.0545727 0.0373815
0.0547565 -0.352912
0.0549402 0.00877756
0.055124 0.452566
0.0553077 0.0318963
0.0554915 -0.555674
0.0556752 -0.0933177
0.055859 0.630029
0.0560427 0.134463
0.0562265 -0.551756
0.0564102 -0.0395291
0.056594 0.436167
0.0567777 -0.0437914
0.0569615 -0.290574
0.0571452 0.123508
0.0573289 0.242659
0.0575127 -0.149744
0.0576964 -0.233474
0.0578802 0.195751
0.0580639 0.240767
0.0582477 -0.194735
0.0584314 -0.124907
0.0586152 0.250439
0.0587989 0.0597287
0.0589827 -0.281126
0.0591664 -0.12209
0.0593502 0.292414
0.0595339 0.329887
0.0597177 -0.240008
0.0599014 -0.485073
0.0600851 0.203477
0.0602689 0.575539
0.0604526 -0.0652464
0.0606364 -0.51133
0.0608201 -0.0795459
0.0610039 0.417435
0.0611876 0.206313
0.0613714 -0.281536
0.0615551 -0.1827
0.0617389 0.170029
0.0619226 0.0969682
0.0621064 -0.0200994
0.0622901 0.0194633
0.0624739 -0.0268339
0.0626576 -0.00343099
0.0628413 -0.0623225
0.0630251 -0.127736
0.0632088 0.317676
0.0633926 0.432338
0.0635763 -0.47631
0.0637601 -0.784208
0.0639438 0.420247
0.0641276 1.11199
0.0643113 -0.13063
0.0644951 -1.2105
0.0646788 -0.0922517
0.0648626 1.10664
0.0650463 0.187627
0.0652301 -0.708586
0.0654138 -0.0614908
0.0655975 0.19985
0.0657813 -0.169052
0.065965 0.229728
0.0661488 0.440557
0.0663325 -0.423514
0.0665163 -0.650115
0.0667 0.527937
0.0668838 0.894045
0.0670675 -0.515327
0.0672513 -1.0178
0.067435 0.440721
0.0676188 0.951401
0.0678025 -0.242053
0.0679863 -0.638794
0.06817 0.0315701
0.0683537 0.340379
0.0685375 0.228826
0.0687212 -0.0941318
0.068905 -0.399376
0.0690887 -0.0686576
0.0692725 0.511376
0.0694562 0.264524
0.06964 -0.578379
0.0698237 -0.440573
0.0700075 0.702996
0.0701912 0.621722
0.070375 -0.680882
0.0705587 -0.602574
0.0707425 0.484125
0.0709262 0.358961
0.0711099 -0.205744
0.0712937 0.0401996
0.0714774 0.159561
0.0716612 -0.292073
0.0718449 -0.308493
0.0720287 0.417739
0.0722124 0.590021
0.0723962 -0.366276
0.0725799 -0.723742
0.0727637 0.198728
0.0729474 0.62889
0.0731312 0.0698259
0.0733149 -0.338923
0.0734987 -0.220203
0.0736824 0.18918
0.0738661 0.279141
0.0740499 -0.190616
0.0742336 -0.216606
0.0744174 0.288383
0.0746011 0.17846
0.0747849 -0.339191
0.0749686 -0.220206
0.0751524 0.450768
0.0753361 0.479616
0.0755199 -0.566363
0.0757036 -0.822243
0.0758874 0.607157
0.0760711 1.15101
0.0762549 -0.305261
0.0764386 -1.21037
0.0766223 -0.194274
0.0768061 1.07613
0.0769898 0.718791
0.0771736 -0.725279
0.0773573 -0.915762
0.0775411 0.285164
0.0777248 0.701057
0.0779086 0.060223
0.0780923 -0.265691
0.0782761 0.00223482
0.0784598 0.138731
0.0786436 -0.323777
0.0788273 -0.370053
0.0790111 0.681699
0.0791948 0.796188
0.0793785 -0.751024
0.0795623 -1.13407
0.079746 0.492174
0.0799298 1.38237
0.0801135 0.110724
0.0802973 -1.33828
0.080481 -0.654506
0.0806648 1.03113
0.0808485 0.964919
0.0810323 -0.438864
0.081216 -1.02256
0.0813998 -0.314838
0.0815835 0.926703
0.0817673 1.05395
0.081951 -0.532238
0.0821347 -1.35585
0.0823185 -0.0638202
0.0825022 1.15127
0.082686 0.672784
0.0828697 -0.561933
0.0830535 -0.893383
0.0832372 0.0272543
0.083421 0.785622
0.0836047 0.422951
0.0837885 -0.47039
0.0839722 -0.783236
0.084156 0.26434
0.0843397 1.12292
0.0845234 -0.253618
0.0847072 -1.37309
0.0848909 0.316236
0.0850747 1.55885
0.0852584 -0.0560966
0.0854422 -1.41417
0.0856259 -0.34087
0.0858097 0.92321
0.0859934 0.477405
0.0861772 -0.207711
0.0863609 -0.0393359
0.0865447 -0.355381
0.0867284 -0.634667
0.0869122 0.678625
0.0870959 1.20625
0.0872796 -0.583784
0.0874634 -1.35085
0.0876471 0.149734
0.0878309 1.14145
0.0880146 0.450459
0.0881984 -0.689807
0.0883821 -0.856628
0.0885659 0.229539
0.0887496 1.10496
0.0889334 0.33877
0.0891171 -1.19782
0.0893009 -0.926957
0.0894846 1.1896
0.0896684 1.30191
0.0898521 -0.982176
0.0900358 -0.989271
0.0902196 0.889187
0.0904033 0.227818
0.0905871 -1.06672
0.0907708 0.420794
0.0909546 1.51928
0.0911383 -0.496811
0.0913221 -1.95943
0.0915058 0.0908363
0.0916896 2.11424
0.0918733 0.62342
0.0920571 -1.49236
0.0922408 -1.0749
0.0924246 0.350331
0.0926083 1.11524
0.092792 0.675934
0.0929758 -0.978146
0.0931595 -1.08077
0.0933433 1.06509
0.093527 1.10444
0.0937108 -1.265
0.0938945 -1.01824
0.0940783 1.53541
0.094262 1.0953
0.0944458 -1.75001
0.0946295 -1.18055
0.0948133 1.92628
0.094997 1.15802
0.0951808 -1.86136
0.0953645 -0.885227
0.0955482 1.58321
0.095732 0.642751
0.0959157 -1.021
0.0960995 -0.52088
0.0962832 0.300372
0.096467 0.431987
0.0966507 0.542606
0.0968345 0.103325
0.0970182 -1.09969
0.097202 -0.962951
0.0973857 1.17927
0.0975695 1.6073
0.0977532 -0.819065
0.097937 -1.51043
0.0981207 0.394536
0.0983044 0.925426
0.0984882 0.0243033
0.0986719 -0.13402
0.0988557 -0.17373
0.0990394 -0.461686
0.0992232 0.0744738
0.0994069 0.854531
0.0995907 0.11227
0.0997744 -1.25619
0.0999582 -0.161782
0.100142 1.97714
0.100326 0.453354
0.100509 -2.51182
0.100693 -1.09944
0.100877 2.37885
0.101061 1.88841
0.101244 -1.52589
0.101428 -2.22896
0.101612 0.556745
0.101796 1.93591
0.101979 0.23084
0.102163 -0.916872
0.102347 -0.583174
0.102531 -0.437323
0.102714 0.492182
0.102898 1.62638
0.103082 0.0246218
0.103266 -2.24954
0.103449 -0.635423
0.103633 2.66781
0.103817 1.41445
0.104001 -2.84606
0.104184 -2.07487
0.104368 2.58264
0.104552 2.14314
0.104736 -1.90859
0.104919 -1.32479
0.105103 1.48664
0.105287 0.207367
0.105471 -1.58572
0.105654 0.751549
0.105838 2.31043
0.106022 -1.13857
0.106206 -3.13808
0.106389 0.938552
0.106573 3.38465
0.106757 -0.307353
0.106941 -2.53515
0.107124 -0.111953
0.107308 1.17426
0.107492 0.164044
0.107676 0.0788638
0.107859 0.116672
0.108043 -0.890165
0.108227 -0.381728
0.108411 1.61258
0.108594 0.631985
0.108778 -2.33206
0.108962 -0.809775
0.109145 2.88576
0.109329 1.00742
0.109513 -2.808
0.109697 -1.06606
0.10988 2.24434
0.110064 1.15313
0.110248 -1.2967
0.110432 -1.02435
0.110615 0.395556
0.110799 0.67813
0.110983 0.293691
0.111167 -0.355814
0.11135 -0.881166
0.111534 0.455745
0.111718 1.81443
0.111902 -0.556579
0.112085 -2.55463
0.112269 0.570359
0.112453 2.59816
0.112637 -0.602313
0.11282 -1.90883
0.113004 0.949448
0.113188 1.08779
0.113372 -1.48082
0.113555 -0.269922
0.113739 2.28113
0.113923 -0.295218
0.114107 -2.85405
0.11429 0.802888
0.114474 2.78599
0.114658 -1.53493
0.114842 -2.11707
0.115025 2.74745
0.115209 1.8538
0.115393 -3.59039
0.115577 -2.12861
0.11576 3.5999
0.115944 2.54109
0.116128 -2.74548
0.116312 -2.39628
0.116495 1.46234
0.116679 1.58569
0.116863 0.133274
0.117047 0.0285343
0.11723 -1.31288
0.117414 -1.78701
0.117598 1.73381
0.117782 3.16952
0.117965 -1.35222
0.118149 -3.9154
0.118333 0.59099
0.118517 4.32316
0.1187 0.573613
0.118884 -3.85993
0.119068 -1.38127
0.119252 2.57474
0.119435 1.38702
0.119619 -0.930365
0.119803 -0.3743
0.119987 -0.0270913
0.12017 -1.1043
0.120354 -0.0411048
0.120538 2.64183
0.120722 1.12998
0.120905 -3.47312
0.121089 -2.23961
0.121273 3.60649
0.121457 2.83368
0.12164 -2.99479
0.121824 -2.34475
0.122008 2.50004
0.122192 1.34784
0.122375 -2.42576
0.122559 -0.226416
0.122743 2.84508
0.122926 -0.631857
0.12311 -3.07585
0.123294 1.68984
0.123478 3.40515
0.123661 -2.3785
0.123845 -3.56716
0.124029 2.53053
0.124213 3.65932
0.124396 -1.91284
0.12458 -3.41472
0.124764 1.10185
0.124948 3.29473
0.125131 0.341494
0.125315 -2.46655
0.125499 -1.69196
0.125683 1.33281
0.125866 3.01444
0.12605 -0.0270948
0.126234 -3.91956
0.126418 -0.819415
0.126601 4.77857
0.126785 2.01508
0.126969 -4.28255
0.127153 -2.4884
0.127336 3.08674
0.12752 2.29455
0.127704 -1.45626
0.127888 -0.971864
0.128071 0.397606
0.128255 -0.89842
0.128439 -0.0457803
0.128623 2.65006
0.128806 0.156562
0.12899 -3.87492
0.129174 -0.936458
0.129358 3.47824
0.129541 1.05522
0.129725 -2.62731
0.129909 -0.825141
0.130093 1.77281
0.130276 0.338842
0.13046 -1.37212
0.130644 -0.171242
0.130828 0.899914
0.131011 0.0951056
0.131195 -0.623033
0.131379 -0.755202
0.131563 0.0695485
0.131746 1.93075
0.13193 0.751565
0.132114 -3.27896
0.132298 -1.98982
0.132481 3.98752
0.132665 3.216
0.132849 -3.93186
0.133033 -4.25248
0.133216 2.90332
0.1334 4.29239
0.133584 -1.45633
0.133768 -2.8903
0.133951 0.300341
0.134135 0.108806
0.134319 -0.344157
0.134503 2.74144
0.134686 1.53177
0.13487 -4.39801
0.135054 -3.12315
0.135238 4.45526
0.135421 4.13856
0.135605 -3.62955
0.135789 -4.36272
0.135973 2.35688
0.136156 3.55207
0.13634 -1.23741
0.136524 -2.02999
0.136707 0.664424
0.136891 0.677315
0.137075 -0.391844
0.137259 -0.0147994
0.137442 0.0079779
0.137626 -0.36538
0.13781 -0.000929291
0.137994 0.238888
0.138177 0.204911
0.138361 0.618516
0.138545 0.1759
0.138729 -1.67587
0.138912 -1.27087
0.139096 2.305
0.13928 2.41106
0.139464 -2.60334
0.139647 -3.43046
0.139831 2.47131
0.140015 4.38879
0.140199 -1.61933
0.140382 -5.13948
0.140566 0.303829
0.14075 5.77576
0.140934 1.14207
0.141117 -6.55433
0.141301 -3.22778
0.141485 6.63713
0.141669 5.76793
0.141852 -5.2062
0.142036 -7.49579
0.14222 2.78051
0.142404 7.41921
0.142587 -0.655144
0.142771 -5.60752
0.142955 -0.342882
0.143139 2.70528
0.143322 -0.115576
0.143506 0.168071
0.14369 1.94811
0.143874 -1.64613
0.144057 -4.28965
0.144241 1.27536
0.144425 6.01789
0.144609 0.211279
0.144792 -6.73562
0.144976 -2.15941
0.14516 6.36075
0.145344 4.19397
0.145527 -4.87232
0.145711 -5.7445
0.145895 2.76747
0.146079 6.14461
0.146262 -1.15926
0.146446 -5.23858
0.14663 1.03929
0.146814 3.76633
0.146997 -2.34992
0.147181 -2.73287
0.147365 4.11096
0.147549 2.43174
0.147732 -5.42963
0.147916 -2.4594
0.1481 5.77372
0.148284 1.95113
0.148467 -5.00803
0.148651 0.177853
0.148835 4.02832
0.149019 -3.77168
0.149202 -3.94887
0.149386 7.04983
0.14957 4.46664
0.149754 -8.86378
0.149937 -4.66883
0.150121 9.57552
0.150305 4.42957
0.150488 -9.47324
0.150672 -3.66558
0.150856 8.55105
0.15104 2.08459
0.151223 -7.1812
0.151407 -0.0911282
0.151591 5.5976
0.151775 -1.57968
0.151958 -3.62096
0.152142 3.12506
0.152326 1.96428
0.15251 -4.49484
0.152693 -1.34588
0.152877 4.78498
0.153061 0.863516
0.153245 -3.92782
0.153428 0.579926
0.153612 2.97432
0.153796 -2.54906
0.15398 -2.60538
0.154163 4.02349
0.154347 2.8604
0.154531 -4.56066
0.154715 -3.621
0.154898 4.26681
0.155082 4.58302
0.155266 -3.5272
0.15545 -5.19244
0.155633 3.17979
0.155817 5.93518
0.156001 -3.1933
0.156185 -7.85261
0.156368 2.2874
0.156552 10.6117
0.156736 0.224804
0.15692 -12.5113
0.157103 -3.3015
0.157287 12.4283
0.157471 5.43398
0.157655 -10.553
0.157838 -5.71968
0.158022 8.05807
0.158206 4.0754
0.15839 -6.31874
0.158573 -0.941025
0.158757 6.20839
0.158941 -2.7772
0.159125 -7.51042
0.159308 6.0761
0.159492 9.38377
0.159676 -8.34505
0.15986 -11.3885
0.160043 9.36639
0.160227 13.6805
0.160411 -8.5682
0.160595 -15.3406
0.160778 6.09399
0.160962 14.6304
0.161146 -3.5768
0.16133 -11.1575
0.161513 2.64722
0.161697 6.4945
0.161881 -3.40068
0.162065 -2.35061
0.162248 5.3136
0.162432 -0.279645
0.162616 -7.6255
0.1628 1.32964
0.162983 8.96478
0.163167 -2.13007
0.163351 -8.6716
0.163535 4.26389
0.163718 8.10372
0.163902 -6.92107
0.164086 -8.0257
0.164269 8.5786
0.164453 7.72718
0.164637 -9.42835
0.164821 -6.70443
0.165004 10.4211
0.165188 5.0415
0.165372 -11.6801
0.165556 -2.79589
0.165739 12.8501
0.165923 0.465417
0.166107 -13.4482
0.166291 1.15649
0.166474 12.8377
0.166658 -2.2076
0.166842 -10.8295
0.167026 3.96097
0.167209 8.61494
0.167393 -6.4015
0.167577 -6.78141
0.167761 8.39089
0.167944 4.62867
0.168128 -9.47667
0.168312 -1.91176
0.168496 10.2124
0.168679 -0.266068
0.168863 -10.9249
0.169047 1.01641
0.169231 11.478
0.169414 -0.452622
0.169598 -11.3934
0.169782 -0.73604
0.169966 10.191
0.170149 1.82804
0.170333 -7.9994
0.170517 -2.05156
0.170701 6.58865
0.170884 1.78305
0.171068 -7.67007
0.171252 -2.36628
0.171436 10.6774
0.171619 4.52897
0.171803 -13.0866
0.171987 -7.20201
0.172171 13.4725
0.172354 8.92883
0.172538 -12.38
0.172722 -8.84946
0.172906 11.0545
0.173089 6.53305
0.173273 -10.3701
0.173457 -1.94801
0.173641 10.9822
0.173824 -3.39726
0.174008 -12.4461
0.174192 7.71876
0.174376 13.9086
0.174559 -10.5225
0.174743 -15.5821
0.174927 11.6135
0.175111 17.5453
0.175294 -10.1688
0.175478 -17.5847
0.175662 6.96476
0.175846 13.9743
0.176029 -4.0504
0.176213 -7.77246
0.176397 2.7353
0.176581 1.31145
0.176764 -3.39625
0.176948 3.6738
0.177132 5.95221
0.177315 -6.23282
0.177499 -8.87291
0.177683 6.9736
0.177867 10.2369
0.17805 -7.53124
0.178234 -10.0134
0.178418 8.60005
0.178602 9.97946
0.178785 -8.95143
0.178969 -10.5073
0.179153 8.07154
0.179337 10.4674
0.17952 -6.93423
0.179704 -8.87537
0.179888 6.52824
0.180072 5.79137
0.180255 -6.78577
0.180439 -1.98229
0.180623 7.52993
0.180807 -1.12337
0.18099 -8.5923
0.181174 2.60244
0.181358 9.33984
0.181542 -3.12822
0.181725 -8.99862
0.181909 4.18442
0.182093 7.80027
0.182277 -5.46613
0.18246 -5.68971
0.182644 6.08827
0.182828 2.40915
0.183012 -6.65443
0.183195 1.15008
0.183379 8.63833
0.183563 -3.02732
