0.367493 0.316433 0.202227 0.177558 0.202227 0.316433 0.136881 0.105686 0.101668 0.121411 0.202227 0.136881 0.121411 
0.316433 0.367493 0.316433 0.202227 0.177558 0.202227 0.202227 0.136881 0.121411 0.136881 0.316433 0.202227 0.177558 
0.202227 0.316433 0.367493 0.316433 0.202227 0.177558 0.316433 0.202227 0.177558 0.202227 0.202227 0.177558 0.202227 
0.177558 0.202227 0.316433 0.367493 0.316433 0.202227 0.202227 0.177558 0.202227 0.316433 0.136881 0.121411 0.136881 
0.202227 0.177558 0.202227 0.316433 0.367493 0.316433 0.136881 0.121411 0.136881 0.202227 0.121411 0.101668 0.105686 
0.316433 0.202227 0.177558 0.202227 0.316433 0.367493 0.121411 0.101668 0.105686 0.136881 0.136881 0.105686 0.101668 
0.136881 0.202227 0.316433 0.202227 0.136881 0.121411 0.367493 0.316433 0.202227 0.177558 0.177558 0.202227 0.316433 
0.105686 0.136881 0.202227 0.177558 0.121411 0.101668 0.316433 0.367493 0.316433 0.202227 0.121411 0.136881 0.202227 
0.101668 0.121411 0.177558 0.202227 0.136881 0.105686 0.202227 0.316433 0.367493 0.316433 0.101668 0.105686 0.136881 
0.121411 0.136881 0.202227 0.316433 0.202227 0.136881 0.177558 0.202227 0.316433 0.367493 0.105686 0.101668 0.121411 
0.202227 0.316433 0.202227 0.136881 0.121411 0.136881 0.177558 0.121411 0.101668 0.105686 0.367493 0.316433 0.202227 
0.136881 0.202227 0.177558 0.121411 0.101668 0.105686 0.202227 0.136881 0.105686 0.101668 0.316433 0.367493 0.316433 
0.121411 0.177558 0.202227 0.136881 0.105686 0.101668 0.316433 0.202227 0.136881 0.121411 0.202227 0.316433 0.367493 
