0
0.000303966
0.000607932
0.000911898
0.00121586
0.00151983
0.0018238
0.00212776
0.00243173
0.00273569
0.00303966
0.00334363
0.00364759
0.00395156
0.00425552
0.00455949
0.00486346
0.00516742
0.00547139
0.00577535
0.00607932
0.00638329
0.00668725
0.00699122
0.00729518
0.00759915
0.00790312
0.00820708
0.00851105
0.00881501
0.00911898
0.00942295
0.00972691
0.0100309
0.0103348
0.0106388
0.0109428
0.0112467
0.0115507
0.0118547
0.0121586
0.0124626
0.0127666
0.0130705
0.0133745
0.0136785
0.0139824
0.0142864
0.0145904
0.0148943
0.0151983
0.0155023
0.0158062
0.0161102
0.0164142
0.0167181
0.0170221
0.0173261
0.01763
0.017934
0.018238
0.0185419
0.0188459
0.0191499
0.0194538
0.0197578
0.0200618
0.0203657
0.0206697
0.0209737
0.0212776
0.0215816
0.0218855
0.0221895
0.0224935
0.0227974
0.0231014
0.0234054
0.0237093
0.0240133
0.0243173
0.0246212
0.0249252
0.0252292
0.0255331
0.0258371
0.0261411
0.026445
0.026749
0.027053
0.0273569
0.0276609
0.0279649
0.0282688
0.0285728
0.0288768
0.0291807
0.0294847
0.0297887
0.0300926
0.0303966
0.0307006
0.0310045
0.0313085
0.0316125
0.0319164
0.0322204
0.0325244
0.0328283
0.0331323
0.0334363
0.0337402
0.0340442
0.0343482
0.0346521
0.0349561
0.0352601
0.035564
0.035868
0.036172
0.0364759
0.0367799
0.0370838
0.0373878
0.0376918
0.0379957
0.0382997
0.0386037
0.0389076
0.0392116
0.0395156
0.0398195
0.0401235
0.0404275
0.0407314
0.0410354
0.0413394
0.0416433
0.0419473
0.0422513
0.0425552
0.0428592
0.0431632
0.0434671
0.0437711
0.0440751
0.044379
0.044683
0.044987
0.0452909
0.0455949
0.0458989
0.0462028
0.0465068
0.0468108
0.0471147
0.0474187
0.0477227
0.0480266
0.0483306
0.0486346
0.0489385
0.0492425
0.0495465
0.0498504
0.0501544
0.0504584
0.0507623
0.0510663
0.0513702
0.0516742
0.0519782
0.0522821
0.0525861
0.0528901
0.053194
0.053498
0.053802
0.0541059
0.0544099
0.0547139
0.0550178
0.0553218
0.0556258
0.0559297
0.0562337
0.0565377
0.0568416
0.0571456
0.0574496
0.0577535
0.0580575
0.0583615
0.0586654
0.0589694
0.0592734
0.0595773
0.0598813
0.0601853
0.0604892
0.0607932
0.0610972
0.0614011
0.0617051
0.0620091
0.062313
0.062617
0.062921
0.0632249
0.0635289
0.0638329
0.0641368
0.0644408
0.0647448
0.0650487
0.0653527
0.0656566
0.0659606
0.0662646
0.0665685
0.0668725
0.0671765
0.0674804
0.0677844
0.0680884
0.0683923
0.0686963
0.0690003
0.0693042
0.0696082
0.0699122
0.0702161
0.0705201
0.0708241
0.071128
0.071432
0.071736
0.0720399
0.0723439
0.0726479
0.0729518
0.0732558
0.0735598
0.0738637
0.0741677
0.0744717
0.0747756
0.0750796
0.0753836
0.0756875
0.0759915
0.0762955
0.0765994
0.0769034
0.0772074
0.0775113
0.0778153
0.0781193
0.0784232
0.0787272
0.0790312
0.0793351
0.0796391
0.079943
0.080247
0.080551
0.0808549
0.0811589
0.0814629
0.0817668
0.0820708
0.0823748
0.0826787
0.0829827
0.0832867
0.0835906
0.0838946
0.0841986
0.0845025
0.0848065
0.0851105
0.0854144
0.0857184
0.0860224
0.0863263
0.0866303
0.0869343
0.0872382
0.0875422
0.0878462
0.0881501
0.0884541
0.0887581
0.089062
0.089366
0.08967
0.0899739
0.0902779
0.0905819
0.0908858
0.0911898
0.0914938
0.0917977
0.0921017
0.0924057
0.0927096
0.0930136
0.0933176
0.0936215
0.0939255
0.0942295
0.0945334
0.0948374
0.0951413
0.0954453
0.0957493
0.0960532
0.0963572
0.0966612
0.0969651
0.0972691
0.0975731
0.097877
0.098181
0.098485
0.0987889
0.0990929
0.0993969
0.0997008
0.100005
0.100309
0.100613
0.100917
0.101221
0.101525
0.101829
0.102133
0.102437
0.10274
0.103044
0.103348
0.103652
0.103956
0.10426
0.104564
0.104868
0.105172
0.105476
0.10578
0.106084
0.106388
0.106692
0.106996
0.1073
0.107604
0.107908
0.108212
0.108516
0.10882
0.109124
0.109428
0.109732
0.110036
0.11034
0.110644
0.110948
0.111252
0.111556
0.111859
0.112163
0.112467
0.112771
0.113075
0.113379
0.113683
0.113987
0.114291
0.114595
0.114899
0.115203
0.115507
0.115811
0.116115
0.116419
0.116723
0.117027
0.117331
0.117635
0.117939
0.118243
0.118547
0.118851
0.119155
0.119459
0.119763
0.120067
0.120371
0.120674
0.120978
0.121282
0.121586
0.12189
0.122194
0.122498
0.122802
0.123106
0.12341
0.123714
0.124018
0.124322
0.124626
0.12493
0.125234
0.125538
0.125842
0.126146
0.12645
0.126754
0.127058
0.127362
0.127666
0.12797
0.128274
0.128578
0.128882
0.129186
0.12949
0.129793
0.130097
0.130401
0.130705
0.131009
0.131313
0.131617
0.131921
0.132225
0.132529
0.132833
0.133137
0.133441
0.133745
0.134049
0.134353
0.134657
0.134961
0.135265
0.135569
0.135873
0.136177
0.136481
0.136785
0.137089
0.137393
0.137697
0.138001
0.138305
0.138608
0.138912
0.139216
0.13952
0.139824
0.140128
0.140432
0.140736
0.14104
0.141344
0.141648
0.141952
0.142256
0.14256
0.142864
0.143168
0.143472
0.143776
0.14408
0.144384
0.144688
0.144992
0.145296
0.1456
0.145904
0.146208
0.146512
0.146816
0.14712
0.147423
0.147727
0.148031
0.148335
0.148639
0.148943
0.149247
0.149551
0.149855
0.150159
0.150463
0.150767
0.151071
0.151375
0.151679
0.151983
0.152287
0.152591
0.152895
0.153199
0.153503
0.153807
0.154111
0.154415
0.154719
0.155023
0.155327
0.155631
0.155935
0.156239
0.156542
0.156846
0.15715
0.157454
0.157758
0.158062
0.158366
0.15867
0.158974
0.159278
0.159582
0.159886
0.16019
0.160494
0.160798
0.161102
0.161406
0.16171
0.162014
0.162318
0.162622
0.162926
0.16323
0.163534
0.163838
0.164142
0.164446
0.16475
0.165054
0.165357
0.165661
0.165965
0.166269
0.166573
0.166877
0.167181
0.167485
0.167789
0.168093
0.168397
0.168701
0.169005
0.169309
0.169613
0.169917
0.170221
0.170525
0.170829
0.171133
0.171437
0.171741
0.172045
0.172349
0.172653
0.172957
0.173261
0.173565
0.173869
0.174173
0.174476
0.17478
0.175084
0.175388
0.175692
0.175996
0.1763
0.176604
0.176908
0.177212
0.177516
0.17782
0.178124
0.178428
0.178732
0.179036
0.17934
0.179644
0.179948
0.180252
0.180556
0.18086
0.181164
0.181468
0.181772
0.182076
0.18238
0.182684
0.182988
0.183291
0.183595
0.183899
0.184203
0.184507
0.184811
0.185115
0.185419
0.185723
0.186027
0.186331
0.186635
0.186939
0.187243
0.187547
0.187851
0.188155
0.188459
0.188763
0.189067
0.189371
0.189675
0.189979
0.190283
0.190587
0.190891
0.191195
0.191499
0.191803
0.192106
0.19241
0.192714
0.193018
0.193322
0.193626
0.19393
0.194234
0.194538
0.194842
0.195146
0.19545
0.195754
0.196058
0.196362
0.196666
0.19697
0.197274
0.197578
0.197882
0.198186
0.19849
0.198794
0.199098
0.199402
0.199706
0.20001
0.200314
0.200618
0.200922
0.201225
0.201529
0.201833
0.202137
0.202441
0.202745
0.203049
0.203353
0.203657
0.203961
0.204265
0.204569
0.204873
0.205177
0.205481
0.205785
0.206089
0.206393
0.206697
0.207001
0.207305
0.207609
0.207913
0.208217
0.208521
0.208825
0.209129
0.209433
0.209737
0.21004
0.210344
0.210648
0.210952
0.211256
0.21156
0.211864
0.212168
0.212472
0.212776
0.21308
0.213384
0.213688
0.213992
0.214296
0.2146
0.214904
0.215208
0.215512
0.215816
0.21612
0.216424
0.216728
0.217032
0.217336
0.21764
0.217944
0.218248
0.218552
0.218855
0.219159
0.219463
0.219767
0.220071
