0 0
0.000303966 0.000216567
0.000607932 0.000565599
0.000911898 -3.79972e-05
0.00121586 -0.00283484
0.00151983 -0.0061172
0.0018238 -0.00694651
0.00212776 -0.00555391
0.00243173 -0.00475869
0.00273569 -0.00432632
0.00303966 -0.00248519
0.00334363 -0.00101653
0.00364759 -0.000967622
0.00395156 0.000202991
0.00425552 0.00340035
0.00455949 0.0049151
0.00486346 0.00181103
0.00516742 -0.000669179
0.00547139 0.00244872
0.00577535 0.00493062
0.00607932 -0.000340141
0.00638329 -0.0103192
0.00668725 -0.0134872
0.00699122 -0.00756559
0.00729518 -0.00332569
0.00759915 -0.0115479
0.00790312 -0.029771
0.00820708 -0.0408181
0.00851105 -0.0365116
0.00881501 -0.0264977
0.00911898 -0.0240585
0.00942295 -0.0303275
0.00972691 -0.0390076
0.0100309 -0.0448387
0.0103348 -0.0470559
0.0106388 -0.049019
0.0109428 -0.0514195
0.0112467 -0.0507114
0.0115507 -0.0417813
0.0118547 -0.0317298
0.0121586 -0.0366191
0.0124626 -0.0565424
0.0127666 -0.0660479
0.0130705 -0.0515406
0.0133745 -0.0306276
0.0136785 -0.017832
0.0139824 -0.00541455
0.0142864 0.0119152
0.0145904 0.0160858
0.0148943 -0.00237721
0.0151983 -0.0309706
0.0155023 -0.0515047
0.0158062 -0.0548399
0.0161102 -0.0432729
0.0164142 -0.0192415
0.0167181 0.00623345
0.0170221 0.0224978
0.0173261 0.0328857
0.01763 0.0441059
0.017934 0.0720904
0.018238 0.122311
0.0185419 0.148293
0.0188459 0.0590558
0.0191499 -0.148731
0.0194538 -0.327677
0.0197578 -0.343566
0.0200618 -0.230913
0.0203657 -0.119894
0.0206697 -0.0613826
0.0209737 -0.037171
0.0212776 -0.0530086
0.0215816 -0.113982
0.0218855 -0.163786
0.0221895 -0.150065
0.0224935 -0.122253
0.0227974 -0.151895
0.0231014 -0.2198
0.0234054 -0.27192
0.0237093 -0.298117
0.0240133 -0.321509
0.0243173 -0.341002
0.0246212 -0.346122
0.0249252 -0.353875
0.0252292 -0.368264
0.0255331 -0.366655
0.0258371 -0.332846
0.0261411 -0.299019
0.026445 -0.293117
0.026749 -0.294419
0.027053 -0.300152
0.0273569 -0.344955
0.0276609 -0.433019
0.0279649 -0.493579
0.0282688 -0.482484
0.0285728 -0.448631
0.0288768 -0.463487
0.0291807 -0.518655
0.0294847 -0.543239
0.0297887 -0.516946
0.0300926 -0.487634
0.0303966 -0.506023
0.0307006 -0.573149
0.0310045 -0.64981
0.0313085 -0.695055
0.0316125 -0.708603
0.0319164 -0.709573
0.0322204 -0.696566
0.0325244 -0.651562
0.0328283 -0.575866
0.0331323 -0.503128
0.0334363 -0.469968
0.0337402 -0.492625
0.0340442 -0.546521
0.0343482 -0.589469
0.0346521 -0.620595
0.0349561 -0.650206
0.0352601 -0.680832
0.035564 -0.71319
0.035868 -0.752269
0.036172 -0.818694
0.0364759 -0.900656
0.0367799 -0.971609
0.0370838 -0.995742
0.0373878 -0.974835
0.0376918 -0.962297
0.0379957 -1.00895
0.0382997 -1.11306
0.0386037 -1.21556
0.0389076 -1.29816
0.0392116 -1.38391
0.0395156 -1.45292
0.0398195 -1.47155
0.0401235 -1.47272
0.0404275 -1.52412
0.0407314 -1.61682
0.0410354 -1.6969
0.0413394 -1.76194
0.0416433 -1.83002
0.0419473 -1.90024
0.0422513 -1.93211
0.0425552 -1.90957
0.0428592 -1.86926
0.0431632 -1.84896
0.0434671 -1.87295
0.0437711 -1.92658
0.0440751 -1.98383
0.044379 -2.01928
0.044683 -2.03513
0.044987 -2.07505
0.0452909 -2.16697
0.0455949 -2.28738
0.0458989 -2.36314
0.0462028 -2.37287
0.0465068 -2.37171
0.0468108 -2.40001
0.0471147 -2.42198
0.0474187 -2.44553
0.0477227 -2.54467
0.0480266 -2.73614
0.0483306 -2.95528
0.0486346 -3.14994
0.0489385 -3.35243
0.0492425 -3.57675
0.0495465 -3.76992
0.0498504 -3.87123
0.0501544 -3.90482
0.0504584 -3.96307
0.0507623 -4.10358
0.0510663 -4.32027
0.0513702 -4.53703
0.0516742 -4.67995
0.0519782 -4.76798
0.0522821 -4.87996
0.0525861 -5.0175
0.0528901 -5.10442
0.053194 -5.18806
0.053498 -5.41276
0.053802 -5.795
0.0541059 -6.17984
0.0544099 -6.51808
0.0547139 -6.96623
0.0550178 -7.56512
0.0553218 -8.06005
0.0556258 -8.25563
0.0559297 -8.30487
0.0562337 -8.50671
0.0565377 -8.97528
0.0568416 -9.56929
0.0571456 -10.0592
0.0574496 -10.3293
0.0577535 -10.5195
0.0580575 -10.8468
0.0583615 -11.3168
0.0586654 -11.7851
0.0589694 -12.2053
0.0592734 -12.6735
0.0595773 -13.2263
0.0598813 -13.797
0.0601853 -14.3767
0.0604892 -15.0158
0.0607932 -15.7347
0.0610972 -16.5346
0.0614011 -17.4465
0.0617051 -18.4742
0.0620091 -19.5825
0.062313 -20.7505
0.062617 -21.9179
0.062921 -23.028
0.0632249 -24.1721
0.0635289 -25.5374
0.0638329 -27.1464
0.0641368 -28.8527
0.0644408 -30.6142
0.0647448 -32.5295
0.0650487 -34.6288
0.0653527 -36.8268
0.0656566 -39.1554
0.0659606 -41.8162
0.0662646 -44.939
0.0665685 -48.4564
0.0668725 -52.2889
0.0671765 -56.4504
0.0674804 -61.0476
0.0677844 -66.2735
0.0680884 -72.3187
0.0683923 -79.239
0.0686963 -87.0156
0.0690003 -95.8139
0.0693042 -105.998
0.0696082 -117.907
0.0699122 -131.773
0.0702161 -147.945
0.0705201 -167.05
0.0708241 -189.927
0.071128 -217.633
0.071432 -251.686
0.071736 -294.186
0.0720399 -347.913
0.0723439 -416.899
0.0726479 -507.359
0.0729518 -628.807
0.0732558 -795.71
0.0735598 -1030.47
0.0738637 -1368.22
0.0741677 -1863.19
0.0744717 -2582.8
0.0747756 -3539.96
0.0750796 -4483.69
0.0753836 -4783.75
0.0756875 -4154.22
0.0759915 -3141.55
0.0762955 -2261.61
0.0765994 -1632.01
0.0769034 -1203.75
0.0772074 -911.586
0.0775113 -708.068
0.0778153 -562.514
0.0781193 -455.504
0.0784232 -374.867
0.0787272 -312.909
0.0790312 -264.435
0.0793351 -225.728
0.0796391 -194.324
0.079943 -168.752
0.080247 -147.795
0.080551 -130.199
0.0808549 -115.038
0.0811589 -101.937
0.0814629 -90.7281
0.0817668 -81.0409
0.0820708 -72.507
0.0823748 -64.9582
0.0826787 -58.3245
0.0829827 -52.4022
0.0832867 -46.9652
0.0835906 -41.9941
0.0838946 -37.5468
0.0841986 -33.5881
0.0845025 -29.9999
0.0848065 -26.6948
0.0851105 -23.6659
0.0854144 -20.9164
0.0857184 -18.3356
0.0860224 -15.749
0.0863263 -13.1699
0.0866303 -10.8113
0.0869343 -8.7627
0.0872382 -6.86378
0.0875422 -4.95951
0.0878462 -3.09289
0.0881501 -1.28906
0.0884541 0.579777
0.0887581 2.58166
0.089062 4.5207
0.089366 6.27954
0.08967 8.04269
0.0899739 10.0127
0.0902779 12.0787
0.0905819 14.047
0.0908858 16.0117
0.0911898 18.2315
0.0914938 20.7692
0.0917977 23.3603
0.0921017 25.8615
0.0924057 28.4119
0.0927096 31.1088
0.0930136 33.7861
0.0933176 36.3881
0.0936215 39.2243
0.0939255 42.5933
0.0942295 46.4559
0.0945334 50.6063
0.0948374 55.0018
0.0951413 59.7261
0.0954453 64.9488
0.0957493 70.9898
0.0960532 78.168
0.0963572 86.4652
0.0966612 95.6809
0.0969651 105.98
0.0972691 117.806
0.0975731 131.509
0.097877 147.381
0.098181 166.055
0.098485 188.511
0.0987889 215.884
0.0990929 249.59
0.0993969 291.613
0.0997008 344.861
0.100005 413.454
0.100309 503.564
0.100613 624.752
0.100917 792.063
0.101221 1029.35
0.101525 1374.02
0.101829 1880.34
0.102133 2603.85
0.102437 3509.04
0.10274 4252.43
0.103044 4252.36
0.103348 3501.46
0.103652 2583.32
0.103956 1850.62
0.10426 1340.39
0.104564 995.279
0.104868 759.325
0.105172 594.06
0.105476 475.152
0.10578 387.394
0.106084 321.108
0.106388 269.966
0.106692 229.811
0.106996 197.903
0.1073 172.232
0.107604 151.155
0.107908 133.552
0.108212 118.884
0.108516 106.673
0.10882 96.2671
0.109124 87.2196
0.109428 79.4637
0.109732 72.8701
0.110036 66.9909
0.11034 61.4838
0.110644 56.4325
0.110948 52.0758
0.111252 48.336
0.111556 44.9985
0.111859 41.9787
0.112163 39.3285
0.112467 37.0442
0.112771 34.9984
0.113075 33.0621
0.113379 31.2277
0.113683 29.6748
0.113987 28.4125
0.114291 27.1994
0.114595 25.8297
0.114899 24.352
0.115203 22.9542
0.115507 21.7194
0.115811 20.6248
0.116115 19.6118
0.116419 18.7067
0.116723 17.9747
0.117027 17.3762
0.117331 16.8018
0.117635 16.1697
0.117939 15.5611
0.118243 15.1329
0.118547 14.9059
0.118851 14.7484
0.119155 14.518
0.119459 14.2212
0.119763 13.9319
0.120067 13.6519
0.120371 13.2801
0.120674 12.8501
0.120978 12.6936
0.121282 12.8536
0.121586 12.839
0.12189 12.2596
0.122194 11.5331
0.122498 11.232
0.122802 11.2862
0.123106 11.3075
0.12341 11.246
0.123714 11.2885
0.124018 11.2866
0.124322 11.0982
0.124626 10.9709
0.12493 11.1051
0.125234 11.154
0.125538 10.7489
0.125842 10.1457
0.126146 9.73579
0.12645 9.48716
0.126754 9.22693
0.127058 9.02368
0.127362 8.97963
0.127666 8.81348
0.12797 8.29497
0.128274 7.70166
0.128578 7.51196
0.128882 7.72989
0.129186 7.95272
0.12949 7.98955
0.129793 7.94226
0.130097 7.97667
0.130401 8.19241
0.130705 8.61531
0.131009 9.26364
0.131313 10.0054
0.131617 10.4456
0.131921 10.172
0.132225 9.38789
0.132529 8.92163
0.132833 9.2417
0.133137 9.83771
0.133441 9.94164
0.133745 9.58097
0.134049 9.31268
0.134353 9.30622
0.134657 9.39212
0.134961 9.60615
0.135265 9.96802
0.135569 10.1861
0.135873 10.0497
0.136177 9.77826
0.136481 9.69048
0.136785 9.85007
0.137089 10.1039
0.137393 10.2698
0.137697 10.3843
0.138001 10.5972
0.138305 10.7943
0.138608 10.6394
0.138912 10.1553
0.139216 10.0075
0.13952 10.523
0.139824 11.1339
0.140128 11.1523
0.140432 10.7651
0.140736 10.5133
0.14104 10.463
0.141344 10.4762
0.141648 10.5697
0.141952 10.7432
0.142256 10.8855
0.14256 11.0914
0.142864 11.4757
0.143168 11.8763
0.143472 11.9405
0.143776 11.6223
0.14408 11.1977
0.144384 10.9593
0.144688 11.0529
0.144992 11.515
0.145296 12.1271
0.1456 12.4106
0.145904 12.2172
0.146208 11.9028
0.146512 11.8358
0.146816 11.8923
0.14712 11.8263
0.147423 11.682
0.147727 11.6455
0.148031 11.6715
0.148335 11.5149
0.148639 11.1986
0.148943 11.1636
0.149247 11.7777
0.149551 12.9069
0.149855 13.8283
0.150159 13.928
0.150463 13.423
0.150767 13.0535
0.151071 13.1394
0.151375 13.3138
0.151679 13.3411
0.151983 13.2326
0.152287 13.006
0.152591 12.7077
0.152895 12.5894
0.153199 12.9262
0.153503 13.6009
0.153807 14.319
0.154111 14.9571
0.154415 15.5983
0.154719 16.3556
0.155023 17.1654
0.155327 17.9346
0.155631 18.4145
0.155935 18.3869
0.156239 17.9565
0.156542 17.4064
0.156846 17.1371
0.15715 17.2835
0.157454 17.7813
0.157758 18.3289
0.158062 18.653
0.158366 18.7816
0.15867 19.0405
0.158974 19.6526
0.159278 20.064
0.159582 19.6223
0.159886 18.6587
0.16019 18.1267
0.160494 18.2181
0.160798 18.5734
0.161102 19.1981
0.161406 20.1166
0.16171 20.6442
0.162014 20.3813
0.162318 20.1327
0.162622 20.7518
0.162926 21.8513
0.16323 22.619
0.163534 23.0663
0.163838 23.4406
0.164142 23.5775
0.164446 23.5116
0.16475 23.6194
0.165054 23.9368
0.165357 24.136
0.165661 24.1435
0.165965 24.1865
0.166269 24.2446
0.166573 24.314
0.166877 24.4783
0.167181 24.9388
0.167485 25.812
0.167789 26.9687
0.168093 28.2129
0.168397 29.1485
0.168701 29.45
0.169005 28.9937
0.169309 28.1374
0.169613 27.5579
0.169917 27.6846
0.170221 28.4094
0.170525 29.2691
0.170829 30.0533
0.171133 30.7769
0.171437 31.4584
0.171741 32.1533
0.172045 32.9228
0.172349 33.4611
0.172653 33.3679
0.172957 32.784
0.173261 32.4261
0.173565 32.7468
0.173869 33.5779
0.174173 34.4253
0.174476 35.012
0.17478 35.5324
0.175084 36.1749
0.175388 37.0253
0.175692 38.0687
0.175996 39.3018
0.1763 40.5585
0.176604 41.4815
0.176908 41.9504
0.177212 42.341
0.177516 43.1993
0.17782 44.3774
0.178124 45.0658
0.178428 44.9424
0.178732 44.6625
0.179036 45.1153
0.17934 46.4319
0.179644 48.0241
0.179948 49.1749
0.180252 49.7044
0.180556 50.0943
0.18086 51.0719
0.181164 52.8303
0.181468 54.7318
0.181772 56.1993
0.182076 57.2759
0.18238 58.0563
0.182684 58.4298
0.182988 58.8995
0.183291 60.4156
0.183595 62.924
0.183899 65.35
0.184203 67.1143
0.184507 68.5952
0.184811 70.0354
0.185115 71.2892
0.185419 72.5257
0.185723 74.2381
0.186027 76.5291
0.186331 79.0828
0.186635 81.9617
0.186939 85.268
0.187243 88.5645
0.187547 91.2517
0.187851 93.3469
0.188155 95.3647
0.188459 97.6422
0.188763 100.219
0.189067 103.092
0.189371 106.372
0.189675 110.047
0.189979 113.873
0.190283 117.693
0.190587 121.662
0.190891 125.949
0.191195 130.535
0.191499 135.298
0.191803 140.086
0.192106 144.837
0.19241 149.83
0.192714 155.419
0.193018 161.642
0.193322 168.258
0.193626 175.224
0.19393 182.915
0.194234 191.609
0.194538 201.153
0.194842 211.317
0.195146 222.159
0.19545 233.785
0.195754 246.149
0.196058 259.406
0.196362 273.966
0.196666 290.198
0.19697 308.202
0.197274 328.056
0.197578 349.861
0.197882 373.852
0.198186 400.397
0.19849 429.992
0.198794 463.231
0.199098 500.678
0.199402 543.407
0.199706 592.952
0.20001 650.642
0.200314 717.273
0.200618 794.128
0.200922 883.975
0.201225 990.689
0.201529 1118.93
0.201833 1274.92
0.202137 1467.2
0.202441 1707.38
0.202745 2012.21
0.203049 2407.47
0.203353 2932.41
0.203657 3646.02
0.203961 4639.2
0.204265 6056.87
0.204569 8123.17
0.204873 11124.3
0.205177 15184.2
0.205481 19497.5
0.205785 21525.1
0.206089 19319.3
0.206393 14777.8
0.206697 10574
0.207001 7527.53
0.207305 5463.43
0.207609 4069.28
0.207913 3110.92
0.208217 2435.35
0.208521 1945.64
0.208825 1581.67
0.209129 1305.8
0.209433 1092.66
0.209737 924.537
0.21004 789.808
0.210344 680.816
0.210648 591.505
0.210952 517.06
0.211256 454.391
0.21156 401.117
0.211864 355.193
0.212168 315.516
0.212472 281.638
0.212776 252.631
0.21308 227.44
0.213384 205.765
0.213688 187.317
0.213992 170.98
0.214296 155.926
0.2146 142.199
0.214904 129.739
0.215208 118.12
0.215512 107.657
0.215816 99.0665
0.21612 91.7699
0.216424 84.5986
0.216728 77.4091
0.217032 71.1149
0.217336 66.0405
0.21764 61.5276
0.217944 57.0648
0.218248 52.7719
0.218552 48.6057
0.218855 44.3367
0.219159 40.2336
0.219463 36.9477
0.219767 34.3666
0.220071 31.4678
