0 0
0.000183747 3.22865e-05
0.000367493 0.000129308
0.00055124 0.000291554
0.000734987 0.000519846
0.000918733 0.000815311
0.00110248 0.0011794
0.00128623 0.00161392
0.00146997 0.0021211
0.00165372 0.00270358
0.00183747 0.00336437
0.00202121 0.00410695
0.00220496 0.00493523
0.00238871 0.00585362
0.00257245 0.00686713
0.0027562 0.00798148
0.00293995 0.0092031
0.00312369 0.0105391
0.00330744 0.0119975
0.00349119 0.013587
0.00367493 0.0153177
0.00385868 0.0172008
0.00404243 0.0192487
0.00422617 0.0214755
0.00440992 0.0238967
0.00459367 0.0265296
0.00477741 0.0293937
0.00496116 0.0325111
0.00514491 0.0359067
0.00532865 0.0396091
0.0055124 0.0436505
0.00569615 0.0480673
0.00587989 0.0529008
0.00606364 0.0581978
0.00624739 0.0640122
0.00643113 0.0704062
0.00661488 0.0774516
0.00679863 0.0852317
0.00698237 0.0938428
0.00716612 0.103397
0.00734987 0.114027
0.00753361 0.125887
0.00771736 0.13916
0.00790111 0.154063
0.00808485 0.170856
0.0082686 0.189852
0.00845234 0.211427
0.00863609 0.236041
0.00881984 0.264256
0.00900358 0.296764
0.00918733 0.334428
0.00937108 0.378328
0.00955482 0.429827
0.00973857 0.490666
0.00992232 0.563081
0.0101061 0.649979
0.0102898 0.755164
0.0104736 0.883667
0.0106573 1.04218
0.0108411 1.23967
0.0110248 1.48811
0.0112085 1.80338
0.0113923 2.20592
0.011576 2.72047
0.0117598 3.37246
0.0119435 4.17678
0.0121273 5.11185
0.012311 6.07811
0.0124948 6.87014
0.0126785 7.23592
0.0128623 7.04399
0.013046 6.39371
0.0132298 5.52193
0.0134135 4.6371
0.0135973 3.85047
0.013781 3.19565
0.0139647 2.66676
0.0141485 2.24417
0.0143322 1.90665
0.014516 1.63565
0.0146997 1.41634
0.0148835 1.23723
0.0150672 1.08957
0.015251 0.966681
0.0154347 0.863499
0.0156185 0.776124
0.0158022 0.701545
0.015986 0.637414
0.0161697 0.581888
0.0163535 0.533506
0.0165372 0.491098
0.0167209 0.453722
0.0169047 0.420609
0.0170884 0.391133
0.0172722 0.364776
0.0174559 0.341112
0.0176397 0.319785
0.0178234 0.300493
0.0180072 0.282983
0.0181909 0.267039
0.0183747 0.252475
0.0185584 0.239135
0.0187422 0.226886
0.0189259 0.215612
0.0191096 0.205214
0.0192934 0.1956
0.0194771 0.186689
0.0196609 0.178411
0.0198446 0.170706
0.0200284 0.163523
0.0202121 0.156815
0.0203959 0.150543
0.0205796 0.144667
0.0207634 0.139156
0.0209471 0.133979
0.0211309 0.129112
0.0213146 0.124531
0.0214984 0.120213
0.0216821 0.116136
0.0218658 0.112279
0.0220496 0.108628
0.0222333 0.105168
0.0224171 0.101887
0.0226008 0.098774
0.0227846 0.0958173
0.0229683 0.0930063
0.0231521 0.0903326
0.0233358 0.0877902
0.0235196 0.085374
0.0237033 0.0830775
0.0238871 0.0808922
0.0240708 0.0788076
0.0242546 0.0768146
0.0244383 0.0749076
0.024622 0.0730848
0.0248058 0.0713444
0.0249895 0.0696817
0.0251733 0.0680907
0.025357 0.0665692
0.0255408 0.0651186
0.0257245 0.063739
0.0259083 0.0624253
0.026092 0.0611683
0.0262758 0.0599609
0.0264595 0.058802
0.0266433 0.0576949
0.026827 0.0566423
0.0270108 0.0556437
0.0271945 0.054696
0.0273782 0.0537956
0.027562 0.05294
0.0277457 0.0521276
0.0279295 0.0513575
0.0281132 0.0506286
0.028297 0.0499408
0.0284807 0.049294
0.0286645 0.0486888
0.0288482 0.0481268
0.029032 0.0476094
0.0292157 0.0471379
0.0293995 0.0467138
0.0295832 0.0463411
0.029767 0.0460223
0.0299507 0.0457553
0.0301344 0.045535
0.0303182 0.0453586
0.0305019 0.0452299
0.0306857 0.0451563
0.0308694 0.0451445
0.0310532 0.0452007
0.0312369 0.0453321
0.0314207 0.0455461
0.0316044 0.0458478
0.0317882 0.04624
0.0319719 0.0467273
0.0321557 0.04732
0.0323394 0.0480344
0.0325232 0.0488873
0.0327069 0.0498938
0.0328906 0.051071
0.0330744 0.0524428
0.0332581 0.054039
0.0334419 0.055892
0.0336256 0.0580388
0.0338094 0.0605261
0.0339931 0.0634141
0.0341769 0.0667766
0.0343606 0.0707036
0.0345444 0.075307
0.0347281 0.0807298
0.0349119 0.0871533
0.0350956 0.0948044
0.0352794 0.103969
0.0354631 0.115015
0.0356468 0.128429
0.0358306 0.144861
0.0360143 0.16518
0.0361981 0.190541
0.0363818 0.22246
0.0365656 0.262896
0.0367493 0.31426
0.0369331 0.379183
0.0371168 0.459671
0.0373006 0.554997
0.0374843 0.657854
0.0376681 0.750284
0.0378518 0.805648
0.0380356 0.802941
0.0382193 0.743714
0.038403 0.65053
0.0385868 0.549198
0.0387705 0.456152
0.0389543 0.377712
0.039138 0.314246
0.0393218 0.263734
0.0395055 0.223658
0.0396893 0.19174
0.039873 0.166136
0.0400568 0.145412
0.0402405 0.128473
0.0404243 0.114487
0.040608 0.10283
0.0407918 0.0930239
0.0409755 0.0847015
0.0411592 0.0775775
0.041343 0.071433
0.0415267 0.0660994
0.0417105 0.061442
0.0418942 0.0573488
0.042078 0.0537292
0.0422617 0.0505112
0.0424455 0.0476362
0.0426292 0.0450539
0.042813 0.0427215
0.0429967 0.0406063
0.0431805 0.0386842
0.0433642 0.0369354
0.043548 0.0353398
0.0437317 0.0338787
0.0439154 0.0325355
0.0440992 0.0312925
0.0442829 0.0301316
0.0444667 0.0290415
0.0446504 0.0280223
0.0448342 0.0270796
0.0450179 0.026213
0.0452017 0.0254131
0.0453854 0.0246698
0.0455692 0.023981
0.0457529 0.0233501
0.0459367 0.0227744
0.0461204 0.0222362
0.0463042 0.0217122
0.0464879 0.0211895
0.0466716 0.0206738
0.0468554 0.0201791
0.0470391 0.0197125
0.0472229 0.0192725
0.0474066 0.0188578
0.0475904 0.0184747
0.0477741 0.0181309
0.0479579 0.0178238
0.0481416 0.0175358
0.0483254 0.017246
0.0485091 0.016945
0.0486929 0.0166365
0.0488766 0.0163264
0.0490604 0.0160163
0.0492441 0.0157081
0.0494278 0.0154102
0.0496116 0.0151349
0.0497953 0.0148883
0.0499791 0.0146671
0.0501628 0.0144691
0.0503466 0.0143022
0.0505303 0.0141766
0.0507141 0.0140869
0.0508978 0.0140081
0.0510816 0.0139125
0.0512653 0.0137899
0.0514491 0.0136511
0.0516328 0.0135131
0.0518165 0.0133823
0.0520003 0.013253
0.052184 0.0131181
0.0523678 0.0129774
0.0525515 0.0128378
0.0527353 0.0127102
0.052919 0.0126053
0.0531028 0.0125287
0.0532865 0.0124793
0.0534703 0.0124494
0.053654 0.0124287
0.0538378 0.0124097
0.0540215 0.0123915
0.0542053 0.0123793
0.054389 0.0123787
0.0545727 0.0123908
0.0547565 0.0124142
0.0549402 0.0124532
0.055124 0.0125185
0.0553077 0.0126197
0.0554915 0.0127561
0.0556752 0.0129138
0.055859 0.0130709
0.0560427 0.0132133
0.0562265 0.0133458
0.0564102 0.0134847
0.056594 0.0136431
0.0567777 0.0138274
0.0569615 0.0140473
0.0571452 0.0143209
0.0573289 0.0146662
0.0575127 0.0150898
0.0576964 0.0155848
0.0578802 0.0161392
0.0580639 0.0167463
0.0582477 0.0174072
0.0584314 0.0181359
0.0586152 0.0189646
0.0587989 0.0199376
0.0589827 0.0210892
0.0591664 0.0224308
0.0593502 0.0239685
0.0595339 0.0257355
0.0597177 0.0278066
0.0599014 0.0302783
0.0600851 0.0332382
0.0602689 0.0367667
0.0604526 0.0409737
0.0606364 0.0460414
0.0608201 0.0522406
0.0610039 0.0599246
0.0611876 0.0695318
0.0613714 0.0816075
0.0615551 0.096829
0.0617389 0.115975
0.0619226 0.139738
0.0621064 0.168232
0.0622901 0.200132
0.0624739 0.231771
0.0626576 0.257279
0.0628413 0.270511
0.0630251 0.267691
0.0632088 0.249299
0.0633926 0.220254
0.0635763 0.187405
0.0637601 0.156178
0.0639438 0.129252
0.0641276 0.107209
0.0643113 0.089598
0.0644951 0.0756412
0.0646788 0.064559
0.0648626 0.0556811
0.0650463 0.0484827
0.0652301 0.0425842
0.0654138 0.0377201
0.0655975 0.0336903
0.0657813 0.030325
0.065965 0.0274815
0.0661488 0.0250581
0.0663325 0.0229918
0.0665163 0.0212307
0.0667 0.0197086
0.0668838 0.0183537
0.0670675 0.0171192
0.0672513 0.0159956
0.067435 0.0149936
0.0676188 0.0141223
0.0678025 0.0133793
0.0679863 0.0127447
0.06817 0.0121824
0.0683537 0.011655
0.0685375 0.0111465
0.0687212 0.0106695
0.068905 0.0102447
0.0690887 0.00987096
0.0692725 0.00952009
0.0694562 0.00916411
0.06964 0.00880453
0.0698237 0.00846714
0.0700075 0.00816889
0.0701912 0.00790126
0.070375 0.00765138
0.0705587 0.00742439
0.0707425 0.00723091
0.0709262 0.00706074
0.0711099 0.00688575
0.0712937 0.00669083
0.0714774 0.00649108
0.0716612 0.00631505
0.0718449 0.00617775
0.0720287 0.0060741
0.0722124 0.0059938
0.0723962 0.00593066
0.0725799 0.00587161
0.0727637 0.00578887
0.0729474 0.00565573
0.0731312 0.00546935
0.0733149 0.00525714
