0.422905 0 0.190197 -0.00159077 -0.13025 -0.00484649 -0.0414805 1.023e-06 0.0857082 0.00159269 0.343856 0.00159293 -0.134019 -0.00325331 -0.0770972 3.76382e-07 0.0907207 0.0032551 0.121247 0.00325375 0.121642 0.00325404 0.1484 0.00484704 0.0861014 0.00159212 
0.190197 0.00159077 0.371808 0 0.233363 0.000296967 0.0857069 -0.0015921 0.00992273 -1.12841e-06 0.0424812 0.0015922 0.0125453 0.00189125 -0.0987055 0.00159098 -0.0986462 -0.000299246 -0.0254609 -0.0018925 0.263668 -0.00189247 0.116035 -0.00189124 0.0101492 -1.34762e-06 
-0.13025 0.00484649 0.233363 -0.000296967 0.793193 0 0.393551 -0.00484345 0.0299361 0.000298497 -0.218666 0.00514629 0.456177 0.00514759 -0.130252 0.00484598 -0.441478 -0.000298885 -0.192878 -0.00514496 -0.192877 -0.00514467 -0.281292 -0.00484472 0.029936 0.000298659 
-0.0414805 -1.023e-06 0.0857069 0.0015921 0.393551 0.00484345 0.422904 0 0.18997 -0.00159352 -0.00900408 -0.00159218 0.121641 0.00325371 -0.0410267 -9.12206e-07 -0.0441495 -0.00325374 0.154657 -0.00325457 -0.134245 -0.00325443 -0.207348 -0.0048457 -0.0984784 -0.00159359 
0.0857082 -0.00159269 0.00992273 1.12841e-06 0.0299361 -0.000298497 0.18997 0.00159352 0.371417 0 0.292453 -0.00159195 -0.0250076 -0.0018896 0.0860996 -0.00159269 0.0393881 0.000298981 0.0125455 0.0018912 0.0125476 0.00189095 -0.0692386 0.00189139 -0.128189 2.19444e-07 
0.343856 -0.00159293 0.0424812 -0.0015922 -0.218666 -0.00514629 -0.00900408 0.00159218 0.292453 0.00159195 0.466128 0 -0.133795 -0.00514509 0.0554073 -0.00159296 0.142797 0.00355305 0.0747015 0.00514456 0.0749294 0.00514398 0.0917047 0.00673717 0.00423222 0.0015921 
-0.134019 0.00325331 0.0125453 -0.00189125 0.456177 -0.00514759 0.121641 -0.00325371 -0.0250076 0.0018896 -0.133795 0.00514509 0.558692 0 0.15443 0.00325276 -0.180329 0.00325351 -0.177123 -7.70824e-07 -0.177351 -9.23906e-07 -0.0716307 0.00189131 0.263214 0.00189005 
-0.0770972 -3.76382e-07 -0.0987055 -0.00159098 -0.130252 -0.00484598 -0.0410267 9.12206e-07 0.0860996 0.00159269 0.0554073 0.00159296 0.15443 -0.00325276 0.422903 0 0.379623 0.0032545 0.121639 0.00325362 0.121247 0.00325391 0.147946 0.00484627 0.0857071 0.00159212 
0.0907207 -0.0032551 -0.0986462 0.000299246 -0.441478 0.000298885 -0.0441495 0.00325374 0.0393881 -0.000298981 0.142797 -0.00355305 -0.180329 -0.00325351 0.379623 -0.0032545 0.724874 0 0.515719 0.00325253 0.226591 0.00325238 0.278585 0.00295408 0.039162 -0.000299362 
0.121247 -0.00325375 -0.0254609 0.0018925 -0.192878 0.00514496 0.154657 0.00325457 0.0125455 -0.0018912 0.0747015 -0.00514456 -0.177123 7.70824e-07 0.121639 -0.00325362 0.515719 -0.00325253 0.559082 0 0.0586907 -3.33377e-07 0.117807 -0.00189052 0.0125462 -0.00189101 
0.121642 -0.00325404 0.263668 0.00189247 -0.192877 0.00514467 -0.134245 0.00325443 0.0125476 -0.00189095 0.0749294 -0.00514398 -0.177351 9.23906e-07 0.121247 -0.00325391 0.226591 -0.00325238 0.0586907 3.33377e-07 0.559085 0 0.406709 -0.00189036 0.0125468 -0.00189077 
0.1484 -0.00484704 0.116035 0.00189124 -0.281292 0.00484472 -0.207348 0.0048457 -0.0692386 -0.00189139 0.0917047 -0.00673717 -0.0716307 -0.00189131 0.147946 -0.00484627 0.278585 -0.00295408 0.117807 0.00189052 0.406709 0.00189036 0.455593 0 0.219209 -0.00189149 
0.0861014 -0.00159212 0.0101492 1.34762e-06 0.029936 -0.000298659 -0.0984784 0.00159359 -0.128189 -2.19444e-07 0.00423222 -0.0015921 0.263214 -0.00189005 0.0857071 -0.00159212 0.039162 0.000299362 0.0125462 0.00189101 0.0125468 0.00189077 0.219209 0.00189149 0.371417 0 
