14.5043 0
14.3724 0.647764
14.0333 1.15802
13.6037 1.47803
13.1774 1.63124
12.803 1.66587
12.4988 1.62851
12.2638 1.55975
12.0802 1.48891
11.9222 1.42414
11.7761 1.35432
11.6482 1.26956
11.5498 1.17596
11.4816 1.0883
11.4343 1.0176
11.3943 0.967102
11.3495 0.931422
11.2948 0.898717
11.2357 0.858954
11.1822 0.811072
11.1393 0.762346
11.103 0.72014
11.065 0.682856
11.0254 0.641981
10.9933 0.595457
10.9746 0.552266
10.9642 0.522244
10.9517 0.507986
10.9282 0.504688
10.8897 0.503313
10.838 0.494339
10.7803 0.469969
10.7296 0.428757
10.6969 0.380535
10.6813 0.340419
10.6712 0.316368
10.6549 0.304685
10.6293 0.295659
10.5997 0.283485
10.5714 0.270286
10.5436 0.259508
10.5141 0.250289
10.4849 0.24152
10.4575 0.236343
10.4285 0.238745
10.3914 0.24765
10.3428 0.256783
10.285 0.259902
10.2229 0.254367
10.1606 0.240862
10.1 0.221046
10.042 0.194366
9.99165 0.160312
9.95514 0.124758
9.93191 0.0985445
9.91287 0.0892812
9.8859 0.0956554
9.8441 0.108141
9.79023 0.116934
9.73103 0.119886
9.6682 0.119129
9.60097 0.112413
9.53441 0.0962969
9.47529 0.0748814
9.42263 0.0553263
9.37188 0.0381364
9.3243 0.0208164
9.28413 0.00698783
9.24911 0.00554687
9.20755 0.020569
9.14798 0.0432434
9.07207 0.059377
8.99018 0.064991
8.90592 0.0642104
8.81754 0.0555226
8.73028 0.0334705
8.65547 0.000373549
8.59959 -0.0309696
8.5561 -0.0456307
8.50861 -0.0393714
8.44487 -0.0214375
8.36336 -0.00372892
8.26789 0.00579075
8.1642 0.00196227
8.05947 -0.0172501
7.96059 -0.0511769
7.87511 -0.0972422
7.81102 -0.147471
7.77024 -0.187465
7.74396 -0.20339
7.71624 -0.189856
7.67107 -0.1519
7.59834 -0.103459
7.49989 -0.0621751
7.38952 -0.0381111
7.28183 -0.0273138
7.18231 -0.0177201
7.08594 0.00273447
6.97891 0.0399242
6.84356 0.0878964
6.66658 0.126324
6.45141 0.12162
6.23383 0.0440395
6.0721 -0.0965778
5.99782 -0.240583
5.97965 -0.326165
5.95363 -0.347054
5.88996 -0.348347
5.81424 -0.363801
5.75719 -0.376123
5.70407 -0.352233
5.61526 -0.298976
5.48315 -0.256525
5.33821 -0.244299
5.20141 -0.244392
5.06028 -0.241078
4.90093 -0.249744
4.74154 -0.2913
4.61399 -0.353524
4.52085 -0.39948
4.4316 -0.411108
4.321 -0.404169
4.19036 -0.399612
4.04912 -0.402523
3.89871 -0.41393
3.74271 -0.441603
3.59584 -0.488246
3.47065 -0.539937
3.36081 -0.577778
3.2476 -0.599506
3.12383 -0.620063
3.00153 -0.648363
2.89173 -0.673753
2.78658 -0.681504
2.66912 -0.673463
2.53447 -0.664242
2.39133 -0.661944
2.24654 -0.66323
2.09889 -0.664093
1.9457 -0.66568
1.78759 -0.670809
1.62669 -0.680151
1.46344 -0.693983
1.29989 -0.715651
1.1453 -0.745621
1.0081 -0.771394
0.879742 -0.774782
0.736951 -0.753147
0.564165 -0.725889
0.36953 -0.716099
0.174938 -0.72799
-0.00790067 -0.747092
-0.185224 -0.760602
-0.367112 -0.769565
-0.554332 -0.781001
-0.741362 -0.79588
-0.92691 -0.808573
-1.11737 -0.816423
-1.31795 -0.825943
-1.52391 -0.8453
-1.72542 -0.873774
-1.91817 -0.902854
-2.10625 -0.924446
-2.29844 -0.936874
-2.50114 -0.946359
-2.71263 -0.961254
-2.92597 -0.984269
-3.1362 -1.01259
-3.34179 -1.04258
-3.54244 -1.07156
-3.73732 -1.09668
-3.92663 -1.11214
-4.11668 -1.11121
-4.31912 -1.09378
-4.54283 -1.06861
-4.78867 -1.04793
-5.04957 -1.04155
-5.31392 -1.05153
-5.57368 -1.07117
-5.82954 -1.09245
-6.08658 -1.11327
-6.34688 -1.13704
-6.60665 -1.16614
-6.8615 -1.19641
-7.11445 -1.22119
-7.37333 -1.24155
-7.63866 -1.26627
-7.89965 -1.2979
-8.14918 -1.32374
-8.39854 -1.32983
-8.66708 -1.32057
-8.96059 -1.31515
-9.26659 -1.32798
-9.56763 -1.35688
-9.85649 -1.38784
-10.1392 -1.4089
-10.4262 -1.4175
-10.7248 -1.41711
-11.0393 -1.41394
-11.3695 -1.41592
-11.7095 -1.42844
-12.0529 -1.45094
-12.3967 -1.48005
-12.7402 -1.51344
-13.0823 -1.54885
-13.424 -1.58212
-13.7707 -1.61132
-14.1271 -1.64169
-14.4892 -1.67987
-14.849 -1.72433
-15.2048 -1.76732
-15.5622 -1.80363
-15.9281 -1.83513
-16.3049 -1.86848
-16.6884 -1.90874
-17.0727 -1.95636
-17.4526 -2.00767
-17.826 -2.05449
-18.1992 -2.08786
-18.5856 -2.10728
-18.9939 -2.12416
-19.4203 -2.15283
-19.8511 -2.19799
-20.276 -2.25247
-20.6944 -2.30611
-21.1109 -2.35305
-21.5314 -2.39179
-21.9606 -2.42339
-22.4021 -2.45144
-22.8564 -2.4813
-23.3196 -2.51678
-23.7863 -2.55683
-24.2549 -2.59616
-24.7301 -2.63035
-25.2189 -2.66263
-25.7211 -2.70273
-26.2259 -2.75476
-26.724 -2.81026
-27.2178 -2.85678
-27.7183 -2.88949
-28.2343 -2.91334
-28.7667 -2.93606
-29.3116 -2.96007
-29.8684 -2.98329
-30.4404 -3.00619
-31.0292 -3.03275
-31.6338 -3.06687
-32.252 -3.11271
-32.8776 -3.17434
-33.5006 -3.24978
-34.115 -3.32908
-34.7241 -3.40193
-35.3349 -3.46453
-35.9514 -3.5168
-36.5758 -3.5565
-37.2138 -3.57968
-37.8762 -3.58588
-38.5747 -3.58214
-39.3172 -3.58346
-40.1014 -3.61105
-40.9082 -3.68363
-41.7066 -3.80094
-42.4746 -3.93874
-43.216 -4.06618
-43.9532 -4.16903
-44.7041 -4.25362
-45.4715 -4.32955
-46.2546 -4.39775
-47.0582 -4.4583
-47.8861 -4.51747
-48.7355 -4.58043
-49.6044 -4.64679
-50.4957 -4.71817
-51.408 -4.80264
-52.3296 -4.90409
-53.2491 -5.01078
-54.1733 -5.10596
-55.1199 -5.1885
-56.0961 -5.2718
-57.0945 -5.3648
-58.1075 -5.46373
-59.1379 -5.56125
-60.1953 -5.65947
-61.2803 -5.76998
-62.3813 -5.8982
-63.4886 -6.03569
-64.6048 -6.17054
-65.7401 -6.29909
-66.9016 -6.42798
-68.0847 -6.56424
-69.2809 -6.70222
-70.4953 -6.82756
-71.7478 -6.93725
-73.054 -7.04814
-74.4103 -7.18148
-75.8036 -7.34561
-77.2283 -7.54253
-78.6783 -7.7844
-80.1259 -8.08296
-81.5304 -8.41888
-82.876 -8.73883
-84.1927 -8.99112
-85.5364 -9.16007
-86.9529 -9.26701
-88.4637 -9.34808
-90.0705 -9.43907
-91.7585 -9.57323
-93.4921 -9.76983
-95.2303 -10.016
-96.9569 -10.2724
-98.6906 -10.5042
-100.464 -10.7045
-102.3 -10.8876
-104.201 -11.0698
-106.166 -11.2601
-108.196 -11.4637
-110.291 -11.6875
-112.45 -11.9436
-114.656 -12.2412
-116.889 -12.574
-119.139 -12.9185
-121.42 -13.2495
-123.76 -13.56
-126.181 -13.8675
-128.682 -14.1944
-131.248 -14.5453
-133.876 -14.9112
-136.578 -15.2891
-139.359 -15.6891
-142.214 -16.1232
-145.128 -16.5876
-148.098 -17.0649
-151.139 -17.5428
-154.27 -18.0237
-157.499 -18.5195
-160.827 -19.0404
-164.25 -19.5891
-167.766 -20.1629
-171.381 -20.7596
-175.098 -21.377
-178.925 -22.0113
-182.874 -22.6631
-186.958 -23.3405
-191.182 -24.0541
-195.546 -24.8118
-200.047 -25.6158
-204.689 -26.4634
-209.479 -27.353
-214.426 -28.2878
-219.536 -29.2726
-224.813 -30.3081
-230.264 -31.3895
-235.907 -32.5152
-241.763 -33.6966
-247.835 -34.9522
-254.117 -36.2864
-260.611 -37.6833
-267.342 -39.127
-274.353 -40.6229
-281.67 -42.1971
-289.305 -43.8744
-297.262 -45.6657
-305.558 -47.5786
-314.208 -49.6259
-323.221 -51.8146
-332.617 -54.1397
-342.437 -56.6024
-352.723 -59.2222
-363.51 -62.0297
-374.819 -65.0486
-386.681 -68.2901
-399.145 -71.7687
-412.267 -75.5179
-426.093 -79.5817
-440.659 -83.997
-456.017 -88.7917
-472.234 -93.9977
-489.392 -99.6655
-507.567 -105.861
-526.836 -112.65
-547.288 -120.093
-569.041 -128.258
-592.245 -137.246
-617.047 -147.2
-643.587 -158.277
-672.022 -170.638
-702.55 -184.464
-735.415 -199.989
-770.883 -217.521
-809.238 -237.433
-850.794 -260.166
-895.914 -286.267
-945.004 -316.424
-998.496 -351.496
-1056.86 -392.555
-1120.61 -440.962
-1190.28 -498.486
-1266.33 -567.447
-1349.05 -650.863
-1438.36 -752.638
-1533.61 -877.843
-1633.07 -1033.12
-1733.03 -1227.24
-1825.97 -1471.49
-1897.48 -1779.3
-1921.68 -2163.52
-1856.26 -2629.04
-1641.3 -3157.22
-1213.73 -3682.75
-551.734 -4082.06
267.453 -4215.24
1071.87 -4024.11
1698.04 -3584.6
2084.93 -3040.93
2265.03 -2510.34
2304.27 -2050.33
2261.32 -1674.37
2176.33 -1375.19
2073.43 -1139.16
1966.02 -952.747
1861.08 -804.626
1761.96 -685.926
1670.03 -589.896
1585.6 -511.436
1508.43 -446.698
1438.04 -392.775
1373.82 -347.473
1315.2 -309.117
1261.6 -276.407
1212.53 -248.316
1167.52 -224.028
1126.14 -202.889
1088 -184.383
1052.77 -168.105
1020.17 -153.725
989.943 -140.965
961.875 -129.585
935.757 -119.384
911.401 -110.206
888.651 -101.923
867.372 -94.4196
847.432 -87.5942
828.71 -81.3734
811.113 -75.7013
794.567 -70.5196
779.004 -65.7629
764.346 -61.3705
750.516 -57.299
737.445 -53.5194
725.077 -50.0103
713.368 -46.7538
702.284 -43.7299
691.796 -40.9097
681.867 -38.2586
672.443 -35.7537
663.481 -33.3964
654.962 -31.1947
646.886 -29.1347
639.235 -27.1824
631.972 -25.3132
625.056 -23.5266
618.469 -21.8301
612.2 -20.2218
606.234 -18.6976
600.557 -17.2626
595.177 -15.9205
590.106 -14.6506
585.333 -13.4117
580.813 -12.1786
576.499 -10.968
572.381 -9.8189
568.487 -8.74812
564.84 -7.73342
561.432 -6.7393
558.231 -5.7532
555.216 -4.7886
552.393 -3.85717
549.77 -2.95141
547.341 -2.05498
545.089 -1.16337
543.005 -0.286454
541.098 0.573636
539.366 1.4316
537.793 2.2944
536.365 3.1457
535.096 3.96798
534.01 4.77121
533.112 5.5887
532.368 6.43899
531.751 7.30149
531.268 8.14212
530.953 8.95509
530.827 9.76761
530.879 10.6074
531.084 11.4749
531.438 12.3513
531.956 13.2265
532.658 14.1117
533.544 15.0269
534.6 15.9805
535.818 16.9617
537.209 17.9578
538.796 18.9757
540.581 20.0362
542.553 21.1482
544.703 22.2982
547.049 23.4707
549.618 24.6741
552.416 25.9311
555.429 27.2431
558.668 28.5868
562.175 29.9527
565.999 31.3745
570.143 32.9092
574.571 34.5846
579.254 36.376
584.212 38.2394
589.504 40.1575
595.198 42.1567
601.332 44.295
607.906 46.6312
614.896 49.191
622.29 51.9562
630.127 54.8967
638.484 58.0174
647.429 61.3708
656.991 65.0198
667.184 68.9959
678.05 73.3078
689.667 77.9846
702.113 83.0882
715.452 88.6865
729.755 94.8373
745.125 101.609
761.679 109.106
779.527 117.459
798.78 126.803
819.575 137.286
842.084 149.091
866.497 162.457
893.02 177.67
921.893 195.078
953.391 215.121
987.812 238.363
1025.48 265.508
1066.72 297.447
1111.92 335.33
1161.39 380.67
1215.38 435.445
1273.91 502.244
1336.63 584.48
1402.44 686.677
1468.78 814.742
1530.55 976.122
1578.22 1179.51
1594.93 1433.26
1553.21 1740.79
1413.88 2090.55
1134.9 2440.78
699.891 2710.98
156.845 2807.54
-381.61 2688.16
-804.731 2399.85
-1068.51 2038.21
-1192.74 1682.98
-1221.2 1374.12
-1193.55 1121.49
-1137.12 920.521
-1068.37 762.12
-996.473 637.189
-926.206 538.062
-859.85 458.721
-798.307 394.589
-741.758 342.244
-690.046 299.13
-642.866 263.316
-599.853 233.308
-560.61 207.952
-524.746 186.361
-491.907 167.852
-461.777 151.885
-434.076 138.026
-408.553 125.923
-384.977 115.294
-363.15 105.913
-342.893 97.597
-324.053 90.1983
-306.501 83.5958
-290.132 77.6768
-274.839 72.3318
-260.508 67.4715
-247.028 63.0408
-234.313 59.0139
-222.311 55.3713
-210.989 52.0798
-200.316 49.0902
-190.251 46.35
-180.738 43.8119
-171.715 41.4446
-163.123 39.2424
-154.929 37.2161
-147.127 35.3635
-139.709 33.6578
-132.648 32.067
-125.906 30.5761
-119.452 29.1849
-113.27 27.8956
-107.35 26.7072
-101.685 25.6154
-96.2745 24.6107
-91.1186 23.6691
-86.1958 22.7564
-81.4608 21.8566
-76.8729 20.9877
-72.4233 20.1825
-68.1317 19.4555
-64.0183 18.7905
-60.0788 18.1552
-56.2837 17.5295
-52.6006 16.9202
-49.0176 16.3505
-45.5458 15.8353
-42.1998 15.3687
-38.9808 14.9355
-35.8827 14.5259
-32.9012 14.1316
-30.0286 13.7389
-27.2444 13.3374
-24.5237 12.9342
-21.858 12.5507
-19.2587 12.1993
-16.7348 11.8716
-14.2772 11.5588
-11.8743 11.2691
-9.53237 11.0166
-7.26775 10.7991
-5.08641 10.5998
-2.9781 10.4056
-0.930274 10.218
1.05753 10.0446
2.97673 9.88416
4.82235 9.72368
6.60095 9.54518
8.3336 9.33543
10.0497 9.09968
11.7663 8.86446
13.4749 8.65689
15.155 8.48587
16.7918 8.34636
18.3774 8.22966
19.9082 8.12474
21.3872 8.0186
22.827 7.90239
24.2433 7.78037
25.64 7.66783
27.005 7.57245
28.3294 7.48553
29.618 7.3987
30.8758 7.31468
32.097 7.23498
33.2767 7.14923
34.4233 7.04397
35.5531 6.91686
36.677 6.77606
37.7984 6.62954
38.92 6.48265
40.0448 6.34371
41.1702 6.22482
42.2847 6.1345
43.3734 6.07063
44.4283 6.02202
45.4516 5.97767
46.4502 5.93364
47.4278 5.89236
48.3813 5.85566
49.3065 5.81738
50.2084 5.76786
51.0986 5.70586
51.9832 5.63871
52.8602 5.57112
53.7297 5.5009
54.5997 5.42941
55.4742 5.37086
56.3382 5.33862
57.1701 5.32385
57.9679 5.30235
58.7517 5.26217
59.5386 5.21488
60.325 5.17841
61.0943 5.15448
61.8398 5.12886
62.571 5.08995
63.3013 5.03876
64.0378 4.98469
64.7794 4.93664
65.5237 4.8993
66.2695 4.88016
67.0052 4.89103
67.7045 4.92978
68.3482 4.96687
68.9498 4.96133
69.5566 4.89701
70.2124 4.80552
70.9144 4.74039
71.6202 4.72401
72.2977 4.73535
72.9508 4.74704
73.5978 4.75665
74.2401 4.77803
74.8626 4.81247
75.4592 4.84342
76.0422 4.85755
76.6285 4.85533
77.2322 4.84883
77.8566 4.86076
78.4844 4.91459
79.0804 5.01458
79.6129 5.1338
80.0818 5.22654
80.5228 5.2641
80.9743 5.25629
81.4476 5.22911
81.937 5.19629
82.4405 5.16324
82.9557 5.14023
83.4686 5.13519
83.9617 5.13872
84.4349 5.12832
84.9101 5.09319
85.4072 5.04878
85.9207 5.0185
86.4299 5.00641
86.926 4.99799
87.4184 4.9842
87.915 4.97349
88.4055 4.97593
88.8722 4.98165
89.3163 4.9632
89.7681 4.90351
90.2647 4.82107
90.8132 4.76088
91.3805 4.7564
91.9219 4.80135
92.4184 4.85969
92.8861 4.90224
93.349 4.92935
93.8108 4.9542
94.2638 4.97602
94.7135 4.98539
95.1748 4.98762
95.6473 5.00181
96.1109 5.03526
96.5507 5.07101
96.977 5.08843
97.4117 5.09052
97.8567 5.09712
98.2943 5.11181
98.7192 5.11587
99.1514 5.09901
99.6097 5.07703
100.09 5.07413
100.575 5.10161
101.044 5.15667
101.484 5.22944
101.886 5.30346
102.251 5.35356
102.599 5.35815
102.963 5.31877
103.361 5.25748
103.791 5.1945
104.246 5.13972
104.722 5.10144
105.207 5.08699
105.687 5.09451
106.155 5.11232
106.617 5.13029
107.08 5.15159
107.541 5.18534
107.989 5.22939
108.419 5.27172
108.837 5.30323
109.252 5.31895
109.675 5.3182
110.118 5.31141
110.582 5.31813
111.048 5.35232
111.493 5.40778
111.906 5.45953
112.3 5.48295
112.704 5.47294
113.139 5.44569
113.608 5.42608
114.101 5.43548
114.595 5.48515
115.061 5.56805
115.483 5.65655
115.87 5.72027
116.249 5.74616
116.645 5.7419
117.067 5.72844
117.508 5.72383
117.954 5.729
118.402 5.73689
118.858 5.75019
119.315 5.77781
119.759 5.81928
120.179 5.85875
120.58 5.87366
120.984 5.85232
121.415 5.80156
121.889 5.73816
122.414 5.68691
122.98 5.68308
123.545 5.74923
124.059 5.86384
124.508 5.97129
124.932 6.03213
125.378 6.05986
125.851 6.09705
126.317 6.15719
126.757 6.21239
127.194 6.24059
127.651 6.25595
128.12 6.27992
128.584 6.30614
129.051 6.31558
129.549 6.31636
130.078 6.34552
130.601 6.42351
131.077 6.52163
131.514 6.59155
131.956 6.61897
132.429 6.63053
132.928 6.65692
133.429 6.70664
133.916 6.76987
134.384 6.83273
134.836 6.8831
135.28 6.90938
135.736 6.90729
136.222 6.89027
136.737 6.88213
137.262 6.89507
137.778 6.91762
138.288 6.92783
138.818 6.92093
139.382 6.91953
139.971 6.95141
140.554 7.02273
141.111 7.11675
141.642 7.21317
142.154 7.30384
142.647 7.38579
143.12 7.44477
143.589 7.46267
144.086 7.44111
144.633 7.40663
145.224 7.39237
145.833 7.41707
146.432 7.47628
147.004 7.54658
147.558 7.60025
148.122 7.62951
148.717 7.65899
149.326 7.71995
149.911 7.80814
150.458 7.88048
151.005 7.90454
151.6 7.90232
152.245 7.92751
152.894 8.00374
153.512 8.10541
154.105 8.19928
154.694 8.28096
155.28 8.36037
155.857 8.43312
156.43 8.48671
157.015 8.52331
157.616 8.55648
158.22 8.58873
158.828 8.60776
159.458 8.60983
160.121 8.61382
160.804 8.64
161.488 8.68608
162.165 8.7356
162.848 8.78053
163.544 8.82783
164.248 8.88471
164.957 8.94683
165.676 9.01242
166.411 9.09541
167.145 9.2082
167.856 9.34238
168.536 9.47519
169.199 9.58917
169.858 9.68461
170.516 9.76814
171.167 9.83094
171.827 9.85892
172.523 9.86203
173.259 9.86898
174.016 9.89616
174.774 9.93621
175.535 9.97462
176.31 10.0115
177.096 10.0585
177.878 10.1122
178.653 10.1501
179.45 10.1612
180.294 10.1668
181.18 10.2038
182.072 10.2889
182.937 10.4015
183.776 10.5047
184.618 10.5822
185.489 10.6523
186.381 10.7451
187.263 10.8669
188.112 10.9893
188.941 11.0738
189.794 11.1093
190.705 11.1242
191.673 11.1636
192.664 11.2526
193.641 11.3805
194.593 11.5158
195.537 11.6368
196.496 11.7479
197.472 11.8689
198.448 12.0071
199.411 12.151
200.363 12.286
201.309 12.402
202.262 12.4892
203.243 12.5459
204.276 12.5922
205.36 12.6659
206.459 12.7914
207.53 12.95
208.57 13.0977
209.609 13.2129
210.673 13.3086
211.763 13.4032
212.874 13.5021
214.003 13.6082
215.146 13.7306
216.285 13.8698
217.406 14.005
218.522 14.113
219.656 14.1915
220.819 14.2523
222.01 14.3011
223.235 14.3377
224.502 14.3697
225.813 14.412
227.159 14.4748
228.532 14.5592
229.927 14.6665
231.337 14.8017
232.749 14.9625
234.152 15.133
235.553 15.2978
236.965 15.4521
238.396 15.5975
239.855 15.7395
241.342 15.8884
242.849 16.0515
244.365 16.2223
245.895 16.386
247.457 16.5402
249.065 16.7038
250.709 16.9028
252.361 17.1467
253.993 17.4177
255.599 17.6824
257.198 17.9133
258.828 18.1083
260.508 18.2943
262.224 18.5016
263.944 18.7291
265.653 18.9417
267.38 19.1083
269.17 19.2383
271.036 19.3724
272.955 19.5394
274.899 19.7344
276.862 19.9376
278.857 20.1389
280.896 20.345
282.979 20.569
285.097 20.8166
287.243 21.0851
289.415 21.3726
291.611 21.6799
293.825 22.0051
296.048 22.34
298.284 22.6716
300.541 22.9914
302.827 23.2971
305.15 23.5849
307.525 23.8521
309.972 24.1126
312.492 24.3938
315.061 24.7112
317.655 25.0511
320.278 25.3862
322.959 25.71
325.712 26.0462
328.525 26.417
331.373 26.8173
334.253 27.2269
337.181 27.636
340.168 28.0518
343.213 28.4839
346.311 28.9331
349.461 29.3937
352.67 29.8632
355.944 30.3484
359.277 30.8573
362.66 31.3872
366.089 31.9263
369.57 32.463
373.112 32.9872
376.735 33.4924
380.464 33.9839
384.322 34.4878
388.306 35.0468
392.375 35.6886
396.478 36.393
400.605 37.1043
404.793 37.7801
409.099 38.4257
413.546 39.0833
418.116 39.7885
422.777 40.5391
427.517 41.3014
432.367 42.0441
437.38 42.7778
442.578 43.5562
447.929 44.4253
453.381 45.3775
458.921 46.3679
464.579 47.3673
470.388 48.3841
476.352 49.4347
482.473 50.5144
488.773 51.6187
495.276 52.773
501.969 54.0102
508.822 55.3254
515.831 56.6834
523.034 58.0657
530.462 59.4875
538.124 60.9688
546.023 62.5108
554.183 64.1157
562.625 65.8119
571.339 67.6319
580.297 69.5748
589.496 71.611
598.964 73.7185
608.739 75.8984
618.848 78.1661
629.306 80.5337
640.132 83.0071
651.352 85.5947
662.987 88.3095
675.058 91.1605
687.594 94.1529
700.632 97.2988
714.213 100.623
728.367 104.162
743.107 107.951
758.436 112.003
774.374 116.306
790.977 120.847
808.324 125.638
826.496 130.718
845.564 136.148
865.58 141.994
886.58 148.317
908.599 155.157
931.694 162.531
955.958 170.464
981.511 179.01
1008.47 188.251
1036.96 198.282
1067.08 209.193
1098.99 221.086
1132.86 234.094
1168.85 248.375
1207.17 264.106
1248.02 281.489
1291.64 300.76
1338.3 322.193
1388.3 346.108
1442.01 372.89
1499.83 403.023
1562.23 437.106
1629.71 475.867
1702.81 520.185
1782.2 571.156
1868.57 630.169
1962.69 698.981
2065.36 779.832
2177.38 875.594
2299.45 989.978
2432.06 1127.82
2575.19 1295.48
2727.84 1501.4
2887 1756.69
3046.08 2075.77
3192.14 2476.69
3301.26 2980.41
3331.53 3606.81
3214.75 4362.99
2854.63 5218.09
2150.05 6066.43
1065.67 6708.99
-275.568 6918.48
-1594.81 6596.24
-2621.22 5863.05
-3250.49 4957.15
-3535.83 4074.77
-3587.77 3311.97
-3504.55 2690.67
-3353.14 2198.12
-3173.62 1811.12
-2988.1 1506.74
-2807.92 1265.85
-2638.33 1073.56
-2481.41 918.641
-2337.54 792.609
-2206.23 689.052
-2086.55 603.128
-1977.4 531.211
-1877.71 470.572
-1786.54 419.097
-1703.03 375.103
-1626.38 337.233
-1555.86 304.411
-1490.8 275.801
-1430.63 250.738
-1374.86 228.669
-1323.05 209.134
-1274.79 191.771
-1229.73 176.296
-1187.61 162.465
-1148.16 150.051
-1111.15 138.851
-1076.33 128.711
-1043.53 119.524
-1012.58 111.198
-983.36 103.624
-955.739 96.6933
-929.573 90.3212
-904.732 84.4506
-881.103 79.0458
-858.601 74.0818
-837.161 69.5349
-816.74 65.3684
-797.295 61.5207
-778.75 57.9243
-761.009 54.5466
-743.996 51.395
-727.679 48.4767
-712.037 45.7713
-697.033 43.2478
-682.621 40.8909
-668.77 38.6949
-655.458 36.6404
-642.644 34.7023
-630.276 32.887
-618.342 31.2282
-606.881 29.7226
-595.91 28.297
-585.363 26.8708
-575.134 25.439
-565.163 24.0702
-555.474 22.8251
-546.116 21.6911
-537.089 20.6114
-528.341 19.5597
-519.831 18.5596
-511.563 17.6393
-503.56 16.7911
-495.816 15.9831
-488.299 15.2009
-480.986 14.462
-473.888 13.7819
-467.024 13.1421
-460.384 12.5012
-453.923 11.8381
-447.594 11.1747
-441.395 10.5511
-435.351 9.97877
-429.478 9.43163
-423.749 8.88612
-418.13 8.35474
