0.422903 0 0.190197 -0.00159244 -0.130251 -0.00484626 -0.0414803 -1.55828e-08 0.0857077 0.00159242 0.343856 0.00159241 -0.134019 -0.00325386 -0.0770973 9.09785e-13 0.0907205 0.00325383 0.121247 0.00325384 0.121641 0.00325384 0.1484 0.00484625 0.0861003 0.00159242 
0.190197 0.00159244 0.371811 0 0.233364 0.000298571 0.0857077 -0.00159242 0.00992265 1.55836e-08 0.0424825 0.00159242 0.0125462 0.00189096 -0.0987056 0.00159244 -0.0986471 -0.00029854 -0.0254613 -0.00189095 0.263668 -0.00189095 0.116036 -0.00189096 0.010149 1.55831e-08 
-0.130251 0.00484626 0.233364 -0.000298571 0.793192 0 0.39355 -0.00484629 0.0299357 0.00029854 -0.218666 0.00514479 0.456177 0.00514477 -0.130251 0.00484626 -0.441479 -0.000298555 -0.192877 -0.0051448 -0.192877 -0.0051448 -0.281292 -0.00484628 0.0299357 0.00029854 
-0.0414803 1.55828e-08 0.0857077 0.00159242 0.39355 0.00484629 0.422903 0 0.18997 -0.00159241 -0.0090037 -0.00159242 0.121641 0.00325384 -0.0410265 1.55507e-08 -0.0441506 -0.00325384 0.154657 -0.00325382 -0.134245 -0.00325382 -0.207348 -0.00484626 -0.0984782 -0.00159241 
0.0857077 -0.00159242 0.00992265 -1.55836e-08 0.0299357 -0.00029854 0.18997 0.00159241 0.371417 0 0.292453 -0.00159243 -0.0250075 -0.00189098 0.0861003 -0.00159242 0.0393885 0.000298532 0.0125462 0.00189096 0.0125468 0.00189096 -0.0692387 0.00189095 -0.12819 5.53247e-13 
0.343856 -0.00159241 0.0424825 -0.00159242 -0.218666 -0.00514479 -0.0090037 0.00159242 0.292453 0.00159243 0.466129 0 -0.133794 -0.0051448 0.0554075 -0.00159241 0.142797 0.00355238 0.0747015 0.00514481 0.0749289 0.00514481 0.0917049 0.00673722 0.004232 0.00159243 
-0.134019 0.00325386 0.0125462 -0.00189096 0.456177 -0.00514477 0.121641 -0.00325384 -0.0250075 0.00189098 -0.133794 0.0051448 0.558691 0 0.15443 0.00325386 -0.18033 0.00325384 -0.177123 1.55511e-08 -0.177351 1.5583e-08 -0.07163 0.00189096 0.263214 0.00189098 
-0.0770973 -9.09785e-13 -0.0987056 -0.00159244 -0.130251 -0.00484626 -0.0410265 -1.55507e-08 0.0861003 0.00159242 0.0554075 0.00159241 0.15443 -0.00325386 0.422903 0 0.379623 0.00325383 0.121641 0.00325384 0.121247 0.00325384 0.147946 0.00484625 0.0857077 0.00159242 
0.0907205 -0.00325383 -0.0986471 0.00029854 -0.441479 0.000298555 -0.0441506 0.00325384 0.0393885 -0.000298532 0.142797 -0.00355238 -0.18033 -0.00325384 0.379623 -0.00325383 0.724874 0 0.51572 0.00325385 0.226591 0.00325385 0.278585 0.0029553 0.0391621 -0.000298532 
0.121247 -0.00325384 -0.0254613 0.00189095 -0.192877 0.0051448 0.154657 0.00325382 0.0125462 -0.00189096 0.0747015 -0.00514481 -0.177123 -1.55511e-08 0.121641 -0.00325384 0.51572 -0.00325385 0.559083 0 0.0586905 -8.15093e-13 0.117807 -0.00189097 0.0125468 -0.00189096 
0.121641 -0.00325384 0.263668 0.00189095 -0.192877 0.0051448 -0.134245 0.00325382 0.0125468 -0.00189096 0.0749289 -0.00514481 -0.177351 -1.5583e-08 0.121247 -0.00325384 0.226591 -0.00325385 0.0586905 8.15093e-13 0.559083 0 0.406709 -0.00189097 0.0125462 -0.00189096 
0.1484 -0.00484625 0.116036 0.00189096 -0.281292 0.00484628 -0.207348 0.00484626 -0.0692387 -0.00189095 0.0917049 -0.00673722 -0.07163 -0.00189096 0.147946 -0.00484625 0.278585 -0.0029553 0.117807 0.00189097 0.406709 0.00189097 0.455593 0 0.219209 -0.00189095 
0.0861003 -0.00159242 0.010149 -1.55831e-08 0.0299357 -0.00029854 -0.0984782 0.00159241 -0.12819 -5.53247e-13 0.004232 -0.00159243 0.263214 -0.00189098 0.0857077 -0.00159242 0.0391621 0.000298532 0.0125468 0.00189096 0.0125462 0.00189096 0.219209 0.00189095 0.371417 0 
