0 0
0.000183747 1.09147e-05
0.000367493 3.90248e-05
0.00055124 7.47137e-05
0.000734987 0.000109945
0.000918733 0.000140348
0.00110248 0.00016464
0.00128623 0.00018397
0.00146997 0.000200702
0.00165372 0.000215968
0.00183747 0.0002282
0.00202121 0.00023531
0.00220496 0.000237775
0.00238871 0.000238389
0.00257245 0.000240049
0.0027562 0.000244432
0.00293995 0.000251108
0.00312369 0.000257434
0.00330744 0.000260517
0.00349119 0.000259662
0.00367493 0.000256907
0.00385868 0.000254818
0.00404243 0.000253131
0.00422617 0.000248797
0.00440992 0.0002408
0.00459367 0.000232639
0.00477741 0.000228792
0.00496116 0.000231105
0.00514491 0.000238109
0.00532865 0.000245941
0.0055124 0.000249885
0.00569615 0.000245485
0.00587989 0.000231183
0.00606364 0.000211594
0.00624739 0.000195024
0.00643113 0.000186576
0.00661488 0.00018482
0.00679863 0.000184326
0.00698237 0.000181513
0.00716612 0.000177616
0.00734987 0.000174906
0.00753361 0.00017291
0.00771736 0.000170922
0.00790111 0.00017124
0.00808485 0.000177004
0.0082686 0.000187779
0.00845234 0.00019903
0.00863609 0.000205827
0.00881984 0.00020573
0.00900358 0.000198866
0.00918733 0.000186229
0.00937108 0.000167027
0.00955482 0.000140463
0.00973857 0.000111414
0.00992232 8.96646e-05
0.0101061 8.27404e-05
0.0102898 9.02593e-05
0.0104736 0.000103863
0.0106573 0.000114278
0.0108411 0.000119183
0.0110248 0.000120438
0.0112085 0.000115542
0.0113923 0.0001006
0.011576 7.94894e-05
0.0117598 5.96631e-05
0.0119435 4.17684e-05
0.0121273 2.31496e-05
0.012311 7.88881e-06
0.0124948 6.35553e-06
0.0126785 2.39143e-05
0.0128623 5.10049e-05
0.013046 7.10348e-05
0.0132298 7.88461e-05
0.0134135 7.8981e-05
0.0135973 6.92303e-05
0.013781 4.22978e-05
0.0139647 4.78361e-07
0.0141485 -4.01811e-05
0.0143322 -5.99717e-05
0.014516 -5.24086e-05
0.0146997 -2.88975e-05
0.0148835 -5.08935e-06
0.0150672 8.00097e-06
0.015251 2.7443e-06
0.0154347 -2.44154e-05
0.0156185 -7.32973e-05
0.0158022 -0.000140912
0.015986 -0.000216183
0.0161697 -0.00027797
0.0163535 -0.00030501
0.0165372 -0.000287913
0.0167209 -0.000232913
0.0169047 -0.00016038
0.0170884 -9.74303e-05
0.0172722 -6.03635e-05
0.0174559 -4.3722e-05
0.0176397 -2.86637e-05
0.0178234 4.4693e-06
0.0180072 6.5926e-05
0.0181909 0.000146623
0.0183747 0.000212853
0.0185584 0.000206977
0.0187422 7.56898e-05
0.0189259 -0.000167614
0.0191096 -0.000421592
0.0192934 -0.000577059
0.0194771 -0.000619866
0.0196609 -0.000628044
0.0198446 -0.000662037
0.0200284 -0.000690798
0.0202121 -0.000652855
0.0203959 -0.000559183
0.0205796 -0.000484108
0.0207634 -0.000465152
0.0209471 -0.000469448
0.0211309 -0.000467143
0.0213146 -0.000488144
0.0214984 -0.000574277
0.0216821 -0.000702902
0.0218658 -0.000801008
0.0220496 -0.00083125
0.0222333 -0.000824031
0.0224171 -0.000821473
0.0226008 -0.000834238
0.0227846 -0.000864855
0.0229683 -0.000930114
0.0231521 -0.00103658
0.0233358 -0.00115542
0.0235196 -0.00124614
0.0237033 -0.0013031
0.0238871 -0.00135823
0.0240708 -0.00143115
0.0242546 -0.00149854
0.0244383 -0.00152727
0.024622 -0.00152059
0.0248058 -0.00151097
0.0249895 -0.00151689
0.0251733 -0.00153101
0.025357 -0.0015442
0.0255408 -0.0015591
0.0257245 -0.00158242
0.0259083 -0.00161592
0.026092 -0.00166047
0.0262758 -0.00172437
0.0264595 -0.00180915
0.0266433 -0.00188469
0.026827 -0.00190602
0.0270108 -0.00186548
0.0271945 -0.0018102
0.0273782 -0.00179785
0.027562 -0.00183997
0.0277457 -0.00190084
0.0279295 -0.00194803
0.0281132 -0.00198395
0.028297 -0.00202659
0.0284807 -0.00207862
0.0286645 -0.00212539
0.0288482 -0.00215978
0.029032 -0.00219888
0.0292157 -0.00226466
0.0293995 -0.00235567
0.0295832 -0.00244928
0.029767 -0.00252343
0.0299507 -0.00257314
0.0301344 -0.00261513
0.0303182 -0.00267249
0.0305019 -0.00275307
0.0306857 -0.00284934
0.0308694 -0.00295129
0.0310532 -0.00305138
0.0312369 -0.00314139
0.0314207 -0.00320443
0.0316044 -0.00322048
0.0317882 -0.00318838
0.0319719 -0.00313302
0.0321557 -0.00309005
0.0323394 -0.00308879
0.0325232 -0.00313609
0.0327069 -0.00321273
0.0328906 -0.00329494
0.0330744 -0.00337652
0.0332581 -0.00346775
0.0334419 -0.00357616
0.0336256 -0.00368913
0.0338094 -0.00378613
0.0339931 -0.00387017
0.0341769 -0.00396856
0.0343606 -0.00408958
0.0345444 -0.0041933
0.0347281 -0.00423499
0.0349119 -0.00422775
0.0350956 -0.00423258
0.0352794 -0.00429624
0.0354631 -0.00441259
0.0356468 -0.00453665
0.0358306 -0.00462922
0.0360143 -0.00468137
0.0361981 -0.00470397
0.0363818 -0.00471727
0.0365656 -0.00474775
0.0367493 -0.00481378
0.0369331 -0.00491406
0.0371168 -0.00503757
0.0373006 -0.00517673
0.0374843 -0.00532394
0.0376681 -0.00546499
0.0378518 -0.00559297
0.0380356 -0.00572606
0.0382193 -0.00588753
0.038403 -0.0060724
0.0385868 -0.00625357
0.0387705 -0.00641245
0.0389543 -0.00655537
0.039138 -0.00670597
0.0393218 -0.00688263
0.0395055 -0.00708732
0.0396893 -0.00730702
0.039873 -0.00751203
0.0400568 -0.00766924
0.0402405 -0.00777609
0.0404243 -0.00787416
0.040608 -0.00801673
0.0407918 -0.00822193
0.0409755 -0.00846366
0.0411592 -0.00870406
0.041343 -0.00892088
0.0415267 -0.00910805
0.0417105 -0.00926924
0.0418942 -0.00941782
0.042078 -0.00957435
0.0422617 -0.00975364
0.0424455 -0.00995197
0.0426292 -0.0101488
0.042813 -0.0103267
0.0429967 -0.0104984
0.0431805 -0.010702
0.0433642 -0.0109544
0.043548 -0.0112225
0.0437317 -0.0114564
0.0439154 -0.0116363
0.0440992 -0.0117814
0.0442829 -0.0119228
0.0444667 -0.0120701
0.0446504 -0.0122151
0.0448342 -0.0123595
0.0450179 -0.0125198
0.0452017 -0.0127123
0.0453854 -0.0129548
0.0455692 -0.0132648
0.0457529 -0.0136348
0.0459367 -0.0140236
0.0461204 -0.0143878
0.0463042 -0.0147109
0.0464879 -0.0149921
0.0466716 -0.0152213
0.0468554 -0.0153808
0.0470391 -0.0154679
0.0472229 -0.0155121
0.0474066 -0.0155782
0.0475904 -0.015759
0.0477741 -0.0161378
0.0479579 -0.0167157
0.0481416 -0.0173881
0.0483254 -0.0180193
0.0485091 -0.0185453
0.0486929 -0.0189933
0.0488766 -0.0194053
0.0490604 -0.019785
0.0492441 -0.0201325
0.0494278 -0.0204758
0.0496116 -0.0208384
0.0497953 -0.0212186
0.0499791 -0.0216241
0.0501628 -0.0220921
0.0503466 -0.0226414
0.0505303 -0.0232184
0.0507141 -0.0237455
0.0508978 -0.0242168
0.0510816 -0.0246944
0.0512653 -0.0252204
0.0514491 -0.0257776
0.0516328 -0.0263314
0.0518165 -0.0268918
0.0520003 -0.0275141
0.052184 -0.0282249
0.0523678 -0.0289845
0.0525515 -0.0297361
0.0527353 -0.0304617
0.052919 -0.0311933
0.0531028 -0.0319652
0.0532865 -0.03275
0.0534703 -0.0334775
0.053654 -0.0341322
0.0538378 -0.0347966
0.0540215 -0.0355759
0.0542053 -0.0365128
0.054389 -0.0376186
0.0545727 -0.0389562
0.0547565 -0.0405865
0.0549402 -0.0424151
0.055124 -0.0441742
0.0553077 -0.0456011
0.0554915 -0.0466123
0.0556752 -0.0473126
0.055859 -0.047884
0.0560427 -0.0485091
0.0562265 -0.0493599
0.0564102 -0.0505382
0.056594 -0.0519805
0.0567777 -0.0534841
0.0569615 -0.054868
0.0571452 -0.0560945
0.0573289 -0.0572376
0.0575127 -0.0583818
0.0576964 -0.0595755
0.0578802 -0.0608458
0.0580639 -0.0622305
0.0582477 -0.0637954
0.0584314 -0.0655915
0.0586152 -0.0675861
0.0587989 -0.0696556
0.0589827 -0.0716638
0.0591664 -0.0735716
0.0593502 -0.0754737
0.0595339 -0.0774919
0.0597177 -0.0796525
0.0599014 -0.0819076
0.0600851 -0.0842409
0.0602689 -0.0867096
0.0604526 -0.08938
0.0606364 -0.0922341
0.0608201 -0.095176
0.0610039 -0.0981366
0.0611876 -0.101131
0.0613714 -0.104225
0.0615551 -0.107477
0.0617389 -0.110904
0.0619226 -0.114493
0.0621064 -0.118231
0.0622901 -0.122107
0.0624739 -0.126101
0.0626576 -0.130217
0.0628413 -0.134502
0.0630251 -0.13902
0.0632088 -0.143817
0.0633926 -0.148909
0.0635763 -0.154282
0.0637601 -0.15993
0.0639438 -0.165872
0.0641276 -0.17214
0.0643113 -0.17874
0.0644951 -0.185646
0.0646788 -0.192852
0.0648626 -0.200427
0.0650463 -0.208484
0.0652301 -0.217053
0.0654138 -0.226044
0.0655975 -0.235364
0.0657813 -0.245047
0.065965 -0.255253
0.0661488 -0.266139
0.0663325 -0.277774
0.0665163 -0.290211
0.0667 -0.303536
0.0668838 -0.317795
0.0670675 -0.332969
0.0672513 -0.349068
0.067435 -0.366223
0.0676188 -0.384629
0.0678025 -0.404444
0.0679863 -0.425749
0.06817 -0.448645
0.0683537 -0.473355
0.0685375 -0.500169
0.0687212 -0.529334
0.068905 -0.561045
0.0690887 -0.595524
0.0692725 -0.633112
0.0694562 -0.674252
0.06964 -0.719391
0.0698237 -0.768944
0.0700075 -0.823385
0.0701912 -0.883401
0.070375 -0.949948
0.0705587 -1.0241
0.0707425 -1.10696
0.0709262 -1.19976
0.0711099 -1.3041
0.0712937 -1.42209
0.0714774 -1.55627
0.0716612 -1.70966
0.0718449 -1.88601
0.0720287 -2.09002
0.0722124 -2.3276
0.0723962 -2.6061
0.0725799 -2.9349
0.0727637 -3.32615
0.0729474 -3.79586
0.0731312 -4.36483
0.0733149 -5.06004
0.0734987 -5.91659
0.0736824 -6.98058
0.0738661 -8.31286
0.0740499 -9.99213
0.0742336 -12.1123
0.0744174 -14.7642
0.0746011 -17.9853
0.0747849 -21.6518
0.0749686 -25.3178
0.0751524 -28.1318
0.0753361 -29.1206
0.0755199 -27.868
0.0757036 -24.8847
0.0758874 -21.1617
0.0760711 -17.5117
0.0762549 -14.3372
0.0764386 -11.7365
0.0766223 -9.66258
0.0768061 -8.02332
0.0769898 -6.72645
0.0771736 -5.69427
0.0773573 -4.8658
0.0775411 -4.19452
0.0777248 -3.64524
0.0779086 -3.19135
0.0780923 -2.81273
0.0782761 -2.49416
0.0784598 -2.22406
0.0786436 -1.99337
0.0788273 -1.79497
0.0790111 -1.62317
0.0791948 -1.47343
0.0793785 -1.34215
0.0795623 -1.22648
0.079746 -1.12416
0.0799298 -1.03323
0.0801135 -0.951995
0.0802973 -0.879065
0.080481 -0.813342
0.0806648 -0.753932
0.0808485 -0.700018
0.0810323 -0.650891
0.081216 -0.606037
0.0813998 -0.565069
0.0815835 -0.527579
0.0817673 -0.493101
0.081951 -0.4612
0.0821347 -0.431568
0.0823185 -0.404002
0.0825022 -0.378356
0.082686 -0.354506
0.0828697 -0.332314
0.0830535 -0.311573
0.0832372 -0.292026
0.083421 -0.273509
0.0836047 -0.256039
0.0837885 -0.239685
0.0839722 -0.224347
0.084156 -0.209772
0.0843397 -0.195774
0.0845234 -0.182352
0.0847072 -0.169571
0.0848909 -0.157419
0.0850747 -0.145868
0.0852584 -0.134964
0.0854422 -0.12474
0.0856259 -0.115036
0.0858097 -0.105535
0.0859934 -0.0960367
0.0861772 -0.0866754
0.0863609 -0.0777598
0.0865447 -0.0694273
0.0867284 -0.0615047
0.0869122 -0.0537119
0.0870959 -0.0459497
0.0872796 -0.0383263
0.0874634 -0.0309365
0.0876471 -0.0237215
0.0878309 -0.0165512
0.0880146 -0.00938958
0.0881984 -0.00231681
0.0883821 0.00464918
0.0885659 0.0116269
0.0887496 0.0186728
0.0889334 0.0256541
0.0891171 0.0324269
0.0893009 0.0390715
0.0894846 0.0458601
0.0896684 0.0529459
0.0898521 0.060161
0.0900358 0.0672246
0.0902196 0.0740877
0.0904033 0.0809745
0.0905871 0.0881152
0.0907708 0.0955148
0.0909546 0.103017
0.0911383 0.11054
0.0913221 0.118176
0.0915058 0.126094
0.0916896 0.134365
0.0918733 0.1429
0.0920571 0.151595
0.0922408 0.160508
0.0924246 0.169816
0.0926083 0.179597
0.092792 0.189739
0.0929758 0.200111
0.0931595 0.210787
0.0933433 0.221963
0.093527 0.233652
0.0937108 0.245658
0.0938945 0.2579
0.0940783 0.270671
0.094262 0.284466
0.0944458 0.29953
0.0946295 0.315658
0.0948133 0.332472
0.094997 0.349826
0.0951808 0.367952
0.0953645 0.387361
0.0955482 0.408578
0.095732 0.431835
0.0959157 0.456986
0.0960995 0.483774
0.0962832 0.512253
0.096467 0.542895
0.0966507 0.57627
0.0968345 0.612672
0.0970182 0.652197
0.097202 0.695119
0.0973857 0.74201
0.0975695 0.793499
0.0977532 0.85013
0.097937 0.912546
0.0981207 0.981711
0.0983044 1.05885
0.0984882 1.14522
0.0986719 1.24221
0.0988557 1.35154
0.0990394 1.47544
0.0992232 1.6166
0.0994069 1.77828
0.0995907 1.96461
0.0997744 2.18088
0.0999582 2.43372
0.100142 2.7315
0.100326 3.08503
0.100509 3.50857
0.100693 4.02076
0.100877 4.64602
0.101061 5.41661
0.101244 6.37527
0.101428 7.57798
0.101612 9.09544
0.101796 11.0105
0.101979 13.4034
0.102163 16.3086
0.102347 19.6205
0.102531 22.9486
0.102714 25.5348
0.102898 26.4916
0.103082 25.4104
0.103266 22.7256
0.103449 19.3353
0.103633 15.9938
0.103817 13.0818
0.104001 10.6957
0.104184 8.79451
0.104368 7.29401
0.104552 6.10907
0.104736 5.16775
0.104919 4.41346
0.105103 3.80308
0.105287 3.30434
0.105471 2.89312
0.105654 2.55117
0.105838 2.26436
0.106022 2.02177
0.106206 1.815
0.106389 1.63757
0.106573 1.48435
0.106757 1.35124
0.106941 1.23487
0.107124 1.13258
0.107308 1.04221
0.107492 0.962026
0.107676 0.890616
0.107859 0.826832
0.108043 0.769596
0.108227 0.717859
0.108411 0.670759
0.108594 0.627775
0.108778 0.588668
0.108962 0.553266
0.109145 0.521255
0.109329 0.49216
0.109513 0.465468
0.109697 0.440718
0.10988 0.417603
0.110064 0.396075
0.110248 0.37625
0.110432 0.358116
0.110615 0.34141
0.110799 0.325815
0.110983 0.311182
0.111167 0.297514
0.11135 0.284842
0.111534 0.273157
0.111718 0.262421
0.111902 0.252543
0.112085 0.24328
0.112269 0.234282
0.112453 0.225387
0.112637 0.216781
0.11282 0.208803
0.113004 0.20161
0.113188 0.195035
0.113372 0.188747
0.113555 0.182538
0.113739 0.176478
0.113923 0.170811
0.114107 0.165697
0.11429 0.161073
0.114474 0.156784
0.114658 0.152729
0.114842 0.148821
0.115025 0.144918
0.115209 0.140907
0.115393 0.136865
0.115577 0.133019
0.11576 0.1295
0.115944 0.126222
0.116128 0.12309
0.116312 0.120196
0.116495 0.117688
0.116679 0.115546
0.116863 0.113593
0.117047 0.111687
0.11723 0.109846
0.117414 0.108151
0.117598 0.10659
0.117782 0.105023
0.117965 0.103256
0.118149 0.101144
0.118333 0.0987431
0.118517 0.09634
0.1187 0.09423
0.118884 0.0925114
0.119068 0.0911312
0.119252 0.0899956
0.119435 0.0889851
0.119619 0.0879577
0.119803 0.0868162
0.119987 0.0856067
0.12017 0.0844976
0.120354 0.0835742
0.120538 0.082741
0.120722 0.0819059
0.120905 0.0810991
0.121089 0.0803374
0.121273 0.0795056
0.121457 0.0784537
0.12164 0.0771546
0.121824 0.0756981
0.122008 0.074173
0.122192 0.0726388
0.122375 0.0711889
0.122559 0.0699596
0.122743 0.0690478
0.122926 0.0684313
0.12311 0.0679848
0.123294 0.0675848
0.123478 0.067187
0.123661 0.0668188
0.123845 0.0665013
0.124029 0.0661647
0.124213 0.0656986
0.124396 0.0650885
0.12458 0.0644175
0.124764 0.0637392
0.124948 0.0630285
0.125131 0.0623009
0.125315 0.0617196
0.125499 0.061439
0.125683 0.0613587
0.125866 0.0612003
0.12605 0.0608252
0.126234 0.0603665
0.126418 0.0600316
0.126601 0.059841
0.126785 0.05963
0.126969 0.0592633
0.127153 0.0587522
0.127336 0.0582057
0.12752 0.0577279
0.127704 0.0573738
0.127888 0.0572318
0.128071 0.0574417
0.128255 0.0579799
0.128439 0.0584998
0.128623 0.0585182
0.128806 0.0578421
0.12899 0.0568424
0.129174 0.0561519
0.129358 0.0560374
0.129541 0.0562517
0.129725 0.0564705
0.129909 0.056665
0.130093 0.0570003
0.130276 0.0574922
0.13046 0.0579436
0.130644 0.0581944
0.130828 0.0582497
0.131011 0.0582534
0.131195 0.0584785
0.131379 0.059209
0.131563 0.0604981
0.131746 0.0620229
0.13193 0.0632314
0.132114 0.0637746
0.132298 0.0637685
0.132481 0.0635268
0.132665 0.0632158
0.132849 0.0629007
0.133033 0.062707
0.133216 0.062732
0.1334 0.0628617
0.133584 0.062821
0.133768 0.0624764
0.133951 0.0620167
0.134135 0.0617293
0.134319 0.0616649
0.134503 0.0616455
0.134686 0.0615594
0.13487 0.0615109
0.135054 0.0616248
0.135238 0.0617797
0.135421 0.0616345
0.135605 0.0609759
0.135789 0.0600319
0.135973 0.0593627
0.136156 0.059387
0.13634 0.0600291
0.136524 0.0608403
0.136707 0.0614556
0.136891 0.0618786
0.137075 0.062274
0.137259 0.0626321
0.137442 0.062834
0.137626 0.0629462
0.13781 0.0632095
0.137994 0.0637172
0.138177 0.064255
0.138361 0.0645614
0.138545 0.0646738
0.138729 0.0648435
0.138912 0.0651165
0.139096 0.0652544
0.13928 0.0651252
0.139464 0.0649301
0.139647 0.0649785
0.139831 0.0654164
0.140015 0.0662092
0.140199 0.0672317
0.140382 0.0682727
0.140566 0.0690079
0.14075 0.0691573
0.140934 0.0687387
0.141117 0.0680352
0.141301 0.0673077
0.141485 0.0666845
0.141669 0.0662738
0.141852 0.0661717
0.142036 0.0663554
0.14222 0.0666735
0.142404 0.0669944
0.142587 0.0673593
0.142771 0.067888
0.142955 0.0685528
0.143139 0.0691965
0.143322 0.0696995
0.143506 0.0699957
0.14369 0.0700755
0.143874 0.0700755
0.144057 0.0702538
0.144241 0.0707956
0.144425 0.0716203
0.144609 0.0723976
0.144792 0.0728007
0.144976 0.07276
0.14516 0.0724894
0.145344 0.0723197
0.145527 0.0725367
0.145711 0.0732919
0.145895 0.0744934
0.146079 0.0757728
0.146262 0.0767227
0.146446 0.0771668
0.14663 0.0772063
0.146814 0.0771219
0.146997 0.0771563
0.147181 0.0773225
0.147365 0.0775257
0.147549 0.0778022
0.147732 0.0782733
0.147916 0.0789332
0.1481 0.0795673
0.148284 0.0798687
0.148467 0.0796772
0.148651 0.0790838
0.148835 0.0783163
0.149019 0.0777126
0.149202 0.0777561
0.149386 0.078758
0.14957 0.0804268
0.149754 0.0820012
0.149937 0.0829384
0.150121 0.0834218
0.150305 0.0840365
0.150488 0.0849691
0.150672 0.0858356
0.150856 0.0863303
0.15104 0.0866483
0.151223 0.0870861
0.151407 0.0875559
0.151591 0.0877934
0.151775 0.0879107
0.151958 0.0884234
0.152142 0.0896184
0.152326 0.0910972
0.15251 0.092185
0.152693 0.0926799
0.152877 0.0929536
0.153061 0.0934358
0.153245 0.0942466
0.153428 0.0952492
0.153612 0.0962488
0.153796 0.0970743
0.15398 0.0975613
0.154163 0.0976483
0.154347 0.0975236
0.154531 0.0975245
0.154715 0.097824
0.154898 0.0982604
0.155082 0.0985223
0.155266 0.0985408
0.15545 0.0986374
0.155633 0.0992089
0.155817 0.100345
0.156001 0.101809
0.156185 0.103309
0.156368 0.104731
0.156552 0.106031
0.156736 0.107003
0.15692 0.107386
0.157103 0.107201
0.157287 0.106829
0.157471 0.106748
0.157655 0.107229
0.157838 0.108211
0.158022 0.109356
0.158206 0.110262
0.15839 0.110815
0.158573 0.111372
0.158757 0.112389
0.158941 0.113804
0.159125 0.114991
0.159308 0.115476
0.159492 0.115576
0.159676 0.116078
0.15986 0.117329
0.160043 0.118956
0.160227 0.120472
0.160411 0.121812
0.160595 0.123121
0.160778 0.124334
0.160962 0.125267
0.161146 0.125951
0.16133 0.126586
0.161513 0.127207
0.161697 0.127634
0.161881 0.12781
0.162065 0.128014
0.162248 0.128549
0.162432 0.129381
0.162616 0.130266
0.1628 0.131084
0.162983 0.131939
0.163167 0.132938
0.163351 0.134019
0.163535 0.135153
0.163718 0.136551
0.163902 0.138399
0.164086 0.140573
0.164269 0.142732
0.164453 0.14461
0.164637 0.146213
0.164821 0.147638
0.165004 0.148753
0.165188 0.149343
0.165372 0.149556
0.165556 0.149828
0.165739 0.150407
0.165923 0.151183
0.166107 0.151935
0.166291 0.152667
0.166474 0.153553
0.166658 0.154542
0.166842 0.155293
0.167026 0.155634
0.167209 0.155891
0.167393 0.156629
0.167577 0.158109
0.167761 0.160015
0.167944 0.161779
0.168128 0.163151
0.168312 0.164412
0.168496 0.166026
0.168679 0.168091
0.168863 0.170169
0.169047 0.171664
0.169231 0.172401
0.169414 0.17282
0.169598 0.17362
0.169782 0.175194
0.169966 0.177377
0.170149 0.179681
0.170333 0.181764
0.170517 0.183698
0.170701 0.185789
0.170884 0.188155
0.171068 0.190615
0.171252 0.19294
0.171436 0.19497
0.171619 0.196551
0.171803 0.197655
0.171987 0.198597
0.172171 0.199973
0.172354 0.202169
0.172538 0.204894
0.172722 0.207453
0.172906 0.209499
0.173089 0.21124
0.173273 0.212969
0.173457 0.214767
0.173641 0.216683
0.173824 0.218865
0.174008 0.221317
0.174192 0.223711
0.174376 0.225674
0.174559 0.227167
0.174743 0.228381
0.174927 0.229403
0.175111 0.230233
0.175294 0.230989
0.175478 0.231911
0.175662 0.233166
0.175846 0.234771
0.176029 0.236748
0.176213 0.23918
0.176397 0.24203
0.176581 0.245044
0.176764 0.24797
0.176948 0.250731
0.177132 0.253354
0.177315 0.255925
0.177499 0.258613
0.177683 0.26154
0.177867 0.264596
0.17805 0.267541
0.178234 0.270338
0.178418 0.273293
0.178602 0.276834
0.178785 0.281118
0.178969 0.285854
0.179153 0.290496
0.179337 0.294591
0.17952 0.298103
0.179704 0.301474
0.179888 0.305202
0.180072 0.30927
0.180255 0.3131
0.180439 0.316175
0.180623 0.31865
0.180807 0.321198
0.18099 0.324296
0.181174 0.327865
0.181358 0.331576
0.181542 0.335264
0.181725 0.339038
0.181909 0.343118
0.182093 0.347599
0.182277 0.352437
0.18246 0.357603
0.182644 0.363109
0.182828 0.368927
0.183012 0.374918
0.183195 0.380865
0.183379 0.386625
0.183563 0.392159
0.183747 0.3974
0.18393 0.402305
0.184114 0.407106
0.184298 0.412263
0.184482 0.418043
0.184665 0.424216
0.184849 0.430318
0.185033 0.436241
0.185217 0.442385
0.1854 0.449127
0.185584 0.456385
0.185768 0.463813
0.185952 0.471249
0.186135 0.478812
0.186319 0.486667
0.186503 0.494829
0.186687 0.503203
0.18687 0.511743
0.187054 0.520569
0.187238 0.529818
0.187422 0.539444
0.187605 0.549249
0.187789 0.559029
0.187973 0.568612
0.188157 0.577883
0.18834 0.586936
0.188524 0.596221
0.188708 0.606476
0.188892 0.618182
0.189075 0.630997
0.189259 0.643956
0.189443 0.656321
0.189627 0.668185
0.18981 0.680278
0.189994 0.693222
0.190178 0.706983
0.190362 0.720973
0.190545 0.734647
0.190729 0.748188
0.190913 0.762536
0.191096 0.7785
0.19128 0.795951
0.191464 0.814104
0.191648 0.832448
0.191831 0.851133
0.192015 0.870448
0.192199 0.890311
0.192383 0.910642
0.192566 0.931897
0.19275 0.954654
0.192934 0.978832
0.193118 1.00381
0.193301 1.02927
0.193485 1.05548
0.193669 1.08279
0.193853 1.11122
0.194036 1.14083
0.19422 1.17212
0.194404 1.20568
0.194588 1.24149
0.194771 1.27903
0.194955 1.31791
0.195139 1.35816
0.195323 1.40006
0.195506 1.44382
0.19569 1.48956
0.195874 1.53744
0.196058 1.58769
0.196241 1.64049
0.196425 1.69592
0.196609 1.75423
0.196793 1.81586
0.196976 1.88148
0.19716 1.95174
0.197344 2.02688
0.197528 2.10672
0.197711 2.19101
0.197895 2.27998
0.198079 2.37438
0.198263 2.47529
0.198446 2.58398
0.19863 2.70155
0.198814 2.82874
0.198998 2.96592
0.199181 3.11356
0.199365 3.27266
0.199549 3.44478
0.199733 3.63168
0.199916 3.83504
0.2001 4.0568
0.200284 4.29943
0.200468 4.5659
0.200651 4.85954
0.200835 5.18413
0.201019 5.54411
0.201203 5.94463
0.201386 6.3917
0.20157 6.89258
0.201754 7.45635
0.201938 8.0943
0.202121 8.82009
0.202305 9.65027
0.202489 10.6055
0.202673 11.7119
0.202856 13.0026
0.20304 14.5197
0.203224 16.3175
0.203408 18.4658
0.203591 21.0559
0.203775 24.2079
0.203959 28.0811
0.204143 32.8854
0.204326 38.8936
0.20451 46.4474
0.204694 55.9443
0.204877 67.763
0.205061 82.0432
0.205245 98.2109
0.205429 114.28
0.205612 126.497
0.205796 130.564
0.20598 124.594
0.206164 110.844
0.206347 93.8007
0.206531 77.1727
0.206715 62.7817
0.206899 51.0498
0.207082 41.7417
0.207266 34.4232
0.20745 28.6634
0.207634 24.1021
0.207817 20.459
0.208001 17.5221
0.208185 15.1315
0.208369 13.1662
0.208552 11.5345
0.208736 10.1681
0.20892 9.01531
0.209104 8.03622
0.209287 7.19895
0.209471 6.47783
0.209655 5.8525
0.209839 5.30709
0.210022 4.82904
0.210206 4.40785
0.21039 4.03483
0.210574 3.70308
0.210757 3.40723
0.210941 3.14266
0.211125 2.90505
0.211309 2.69055
0.211492 2.49623
0.211676 2.32008
0.21186 2.16033
0.212044 2.01492
0.212227 1.8818
0.212411 1.75931
0.212595 1.64638
0.212779 1.54235
0.212962 1.44674
0.213146 1.35911
0.21333 1.27878
0.213514 1.20454
0.213697 1.1351
0.213881 1.06983
0.214065 1.00888
0.214249 0.952414
0.214432 0.900033
0.214616 0.851142
0.2148 0.805446
0.214984 0.762842
0.215167 0.722956
0.215351 0.685299
0.215535 0.650005
0.215719 0.617746
0.215902 0.588463
0.216086 0.560715
0.21627 0.532908
0.216454 0.504939
0.216637 0.478177
0.216821 0.453826
0.217005 0.431644
0.217189 0.410507
0.217372 0.38989
0.217556 0.370267
0.21774 0.352204
0.217924 0.335551
0.218107 0.319672
0.218291 0.304285
0.218475 0.289737
0.218658 0.276345
0.218842 0.263736
0.219026 0.251087
0.21921 0.237966
0.219393 0.224819
0.219577 0.212453
0.219761 0.201096
0.219945 0.190228
0.220128 0.179376
0.220312 0.16879
