0.422903 0 0.190197 -0.00159195 -0.130251 -0.0048465 -0.0414805 -1.49055e-07 0.0857076 0.0015927 0.343856 0.00159232 -0.134019 -0.00325448 -0.0770972 3.8018e-07 0.0907207 0.00325456 0.121248 0.00325375 0.121641 0.00325404 0.1484 0.00484645 0.0861007 0.00159213 
0.190197 0.00159195 0.37181 0 0.233363 0.000299307 0.0857076 -0.00159209 0.00992274 2.33342e-08 0.0424825 0.00159219 0.012546 0.00189126 -0.0987054 0.00159211 -0.0986467 -0.000299268 -0.0254609 -0.00189137 0.263668 -0.00189128 0.116036 -0.00189125 0.0101492 -1.9577e-07 
-0.130251 0.0048465 0.233363 -0.000299307 0.793193 0 0.393551 -0.00484568 0.0299359 0.000298478 -0.218666 0.00514514 0.456177 0.00514537 -0.130251 0.00484599 -0.441478 -0.000300035 -0.192877 -0.00514495 -0.192878 -0.00514467 -0.281292 -0.00484587 0.0299357 0.000298641 
-0.0414805 1.49055e-07 0.0857076 0.00159209 0.393551 0.00484568 0.422903 0 0.18997 -0.0015924 -0.00900388 -0.00159218 0.121641 0.00325371 -0.0410267 1.85302e-07 -0.0441506 -0.00325374 0.154657 -0.00325347 -0.134245 -0.00325326 -0.207348 -0.00484568 -0.0984784 -0.00159248 
0.0857076 -0.0015927 0.00992274 -2.33342e-08 0.0299359 -0.000298478 0.18997 0.0015924 0.371417 0 0.292453 -0.00159255 -0.0250076 -0.00189071 0.0860999 -0.0015927 0.0393881 0.000298419 0.0125461 0.00189118 0.0125469 0.00189094 -0.0692386 0.0018908 -0.12819 2.19344e-07 
0.343856 -0.00159232 0.0424825 -0.00159219 -0.218666 -0.00514514 -0.00900388 0.00159218 0.292453 0.00159255 0.466129 0 -0.133794 -0.0051451 0.0554073 -0.0015924 0.142797 0.00355307 0.0747015 0.00514512 0.0749294 0.00514456 0.0917055 0.00673717 0.00423223 0.00159269 
-0.134019 0.00325448 0.012546 -0.00189126 0.456177 -0.00514537 0.121641 -0.00325371 -0.0250076 0.00189071 -0.133794 0.0051451 0.558691 0 0.15443 0.00325386 -0.18033 0.0032535 -0.177123 3.36243e-07 -0.177351 2.51565e-07 -0.0716305 0.00189132 0.263214 0.00189117 
-0.0770972 -3.8018e-07 -0.0987054 -0.00159211 -0.130251 -0.00484599 -0.0410267 -1.85302e-07 0.0860999 0.0015927 0.0554073 0.0015924 0.15443 -0.00325386 0.422903 0 0.379623 0.00325403 0.12164 0.00325363 0.121247 0.00325392 0.147946 0.00484571 0.0857077 0.00159213 
0.0907207 -0.00325456 -0.0986467 0.000299268 -0.441478 0.000300035 -0.0441506 0.00325374 0.0393881 -0.000298419 0.142797 -0.00355307 -0.18033 -0.0032535 0.379623 -0.00325403 0.724873 0 0.515719 0.00325298 0.226591 0.00325291 0.278585 0.00295405 0.039162 -0.0002988 
0.121248 -0.00325375 -0.0254609 0.00189137 -0.192877 0.00514495 0.154657 0.00325347 0.0125461 -0.00189118 0.0747015 -0.00514512 -0.177123 -3.36243e-07 0.12164 -0.00325363 0.515719 -0.00325298 0.559083 0 0.0586906 -3.31035e-07 0.117807 -0.00189107 0.0125465 -0.001891 
0.121641 -0.00325404 0.263668 0.00189128 -0.192878 0.00514467 -0.134245 0.00325326 0.0125469 -0.00189094 0.0749294 -0.00514456 -0.177351 -2.51565e-07 0.121247 -0.00325392 0.226591 -0.00325291 0.0586906 3.31035e-07 0.559084 0 0.406709 -0.00189096 0.0125462 -0.00189076 
0.1484 -0.00484645 0.116036 0.00189125 -0.281292 0.00484587 -0.207348 0.00484568 -0.0692386 -0.0018908 0.0917055 -0.00673717 -0.0716305 -0.00189132 0.147946 -0.00484571 0.278585 -0.00295405 0.117807 0.00189107 0.406709 0.00189096 0.455594 0 0.219209 -0.00189088 
0.0861007 -0.00159213 0.0101492 1.9577e-07 0.0299357 -0.000298641 -0.0984784 0.00159248 -0.12819 -2.19344e-07 0.00423223 -0.00159269 0.263214 -0.00189117 0.0857077 -0.00159213 0.039162 0.0002988 0.0125465 0.001891 0.0125462 0.00189076 0.219209 0.00189088 0.371417 0 
