5.11925e+06 0
5.05252e+06 -19281.8
5.09867e+06 39911.7
5.10177e+06 -29322.3
5.06935e+06 33066.9
5.14666e+06 9288.45
5.0873e+06 -6472.06
5.14926e+06 52649.6
5.15911e+06 -19956.9
5.13847e+06 48317.5
5.23057e+06 19533.4
5.17617e+06 5825.12
5.25631e+06 68319
5.2749e+06 -11089.1
5.26439e+06 65641.7
5.37639e+06 32058.4
5.32539e+06 18134.7
5.42665e+06 88030.3
5.45749e+06 -1643.88
5.45564e+06 85860.3
5.59427e+06 48186
5.54627e+06 31280.4
5.67221e+06 113407
5.72085e+06 9590.13
5.72694e+06 110195
5.90105e+06 70141.4
5.857e+06 46692.4
6.01256e+06 146909
6.08749e+06 24903.8
6.10153e+06 140918
6.3234e+06 100975
6.2869e+06 66274.1
6.47955e+06 192286
6.59405e+06 47491.2
6.61824e+06 181793
6.90576e+06 146450
6.88427e+06 94267.3
7.12613e+06 256623
7.30165e+06 83647.5
7.34225e+06 239937
7.72424e+06 216510
7.73332e+06 138824
8.04596e+06 353582
8.31984e+06 146205
8.39235e+06 330833
8.91906e+06 332671
8.99171e+06 218546
9.41817e+06 513160
9.86254e+06 264886
1.0006e+07 491044
1.07781e+07 546196
1.09921e+07 382136
1.16318e+07 812966
1.24095e+07 523102
1.27346e+07 827155
1.39952e+07 1.01053e+06
1.45723e+07 792418
1.57113e+07 1.51335e+06
1.72948e+07 1.23371e+06
1.82033e+07 1.76722e+06
2.07548e+07 2.38702e+06
2.25882e+07 2.27282e+06
2.54555e+07 4.01827e+06
3.00245e+07 4.45274e+06
3.39822e+07 6.65145e+06
4.27845e+07 1.10571e+07
5.34557e+07 1.63939e+07
6.95291e+07 3.64651e+07
9.01953e+07 8.89374e+07
-2.07881e+06 1.68862e+08
-8.80281e+07 8.4629e+07
-6.64533e+07 3.52377e+07
-5.0134e+07 1.57071e+07
-3.99561e+07 1.05704e+07
-3.10629e+07 6.50431e+06
-2.71769e+07 4.13838e+06
-2.275e+07 3.92091e+06
-1.97355e+07 2.13168e+06
-1.80817e+07 2.22896e+06
-1.54356e+07 1.74049e+06
-1.45498e+07 1.07224e+06
-1.3039e+07 1.48301e+06
-1.17808e+07 713666
-1.13309e+07 913108
-9.98503e+06 827228
-9.67259e+06 406986
-8.95174e+06 804314
-8.20266e+06 330024
-8.09698e+06 472176
-7.24715e+06 505731
-7.10692e+06 170879
-6.71712e+06 514774
-6.18269e+06 184220
-6.20839e+06 269773
-5.61086e+06 356496
-5.53087e+06 66280.4
-5.31456e+06 360426
-4.89169e+06 118952
-4.97348e+06 159130
-4.52815e+06 274561
-4.46764e+06 14478.1
-4.35526e+06 265755
-3.99952e+06 87382.7
-4.10439e+06 91320.7
-3.76161e+06 223890
-3.7036e+06 -12109.4
-3.65906e+06 202081
-3.34867e+06 72247.4
-3.46039e+06 47354.6
-3.19328e+06 189917
-3.13013e+06 -25800.6
-3.13159e+06 155388
-2.85457e+06 65135.8
-2.96431e+06 17141.5
-2.75569e+06 164933
-2.6843e+06 -31622.2
-2.71828e+06 119789
-2.46824e+06 62408.4
-2.57038e+06 -4115.35
-2.40913e+06 145445
-2.32844e+06 -32419.1
-2.38582e+06 91730.2
-2.15908e+06 62072.4
-2.25017e+06 -19357.4
-2.12837e+06 129283
-2.03856e+06 -30540.2
-2.11203e+06 68430.9
-1.90617e+06 62798.4
-1.98446e+06 -30073.1
-1.89586e+06 115068
-1.79774e+06 -26378.6
-1.88215e+06 49323.8
-1.69602e+06 64264.8
-1.76024e+06 -36891.2
-1.70067e+06 102546
-1.59524e+06 -20985.8
-1.68633e+06 32979.3
-1.51879e+06 65422.8
-1.56825e+06 -41459.4
-1.53342e+06 90814.5
-1.42232e+06 -15148.7
-1.51589e+06 19078.4
-1.36684e+06 66679.7
-1.40143e+06 -43363.5
-1.3882e+06 80066.8
-1.27296e+06 -8377.29
-1.36661e+06 7392.1
-1.23516e+06 67036.9
-1.25468e+06 -43697
-1.25993e+06 69759.3
-1.14216e+06 -1615.77
-1.23288e+06 -2516.16
-1.11883e+06 67391.1
-1.12415e+06 -42149.8
-1.14492e+06 60137.5
-1.02627e+06 5455.18
-1.11233e+06 -10406.4
-1.0152e+06 66616.9
-1.00627e+06 -39847.4
-1.03964e+06 50571.6
-921472 12041.6
-1.00064e+06 -16820.2
-919941 65648.1
-897773 -35928.8
-941324 42191.7
-825347 18877.6
-896143 -21353.1
-830885 64198.6
-796581 -30926.5
-847393 34056.8
-734513 24935.3
-794913 -24402.2
-744274 62495.3
-698583 -24765.8
-753852 27412.3
-645637 31528.2
-694404 -25316.5
-656600 60603.5
-600116 -17306
-656693 22097.2
-553342 38243.3
-588669 -23430.1
-561730 59701.2
-494957 -7619.77
-548766 19364.2
-449960 46302.2
-469194 -17906.1
-448754 60800.8
-370853 5799.03
-415554 21656.7
-318360 57822.6
-315368 -4409.4
-293386 69093.5
-199356 29314.6
-221073 38063.9
-115217 83758.6
-73643 32788.7
-24403.3 103187
110156 90653.6
160059 110837
329555 183546
496035 199110
720762 335958
1.09394e+06 514773
1.61404e+06 963478
2.36643e+06 2.14376e+06
1.38536e+06 5.33893e+06
-3.23838e+06 4.80007e+06
-3.38257e+06 1.78437e+06
-2.79605e+06 796330
-2.19222e+06 509019
-1.87791e+06 221579
-1.70957e+06 224893
-1.44382e+06 139451
-1.4119e+06 69722.4
-1.26307e+06 129982
-1.16993e+06 20532.3
-1.16892e+06 72588.9
-1.02329e+06 53990.3
-1.04945e+06 1096.8
-977469 76406.7
-914497 -8539.6
-950432 35570.8
-838582 37225.5
-873223 -18473.9
-832976 58408.6
-775526 -14611.3
-825275 18191.4
-729996 32753
-762176 -26534.5
-741815 48420.8
-683131 -14318.9
-739697 7346.34
-656244 32241.8
-682303 -30682.4
-676547 41275.7
-615269 -11883.7
-674745 -910.376
-601201 32593.9
-619461 -32420.6
-626139 35594
-562300 -8371.78
-622480 -7586.49
-558157 32615.2
-567639 -33332.9
-584447 29741.5
-518515 -4762.15
-576905 -13342.8
-522042 33449.8
-523176 -32213.5
-549141 24820.4
-481517 -128.344
-537861 -17210.4
-492148 34075
-485226 -30101.8
-518812 19914.1
-450673 4005.38
-503008 -20985.1
-466615 33904.2
-451676 -28292
-490784 14753.8
-423587 8106.56
-470948 -23799.7
-443923 33460.3
-421591 -25084.4
-465900 9995.88
-400229 12074.5
-442427 -26075.7
-424209 31657.8
-394664 -22715.3
-442077 4575.13
-379306 14800.9
-414366 -28394.6
-405106 29677.1
-369081 -19265.9
-419259 -6.67828
-359534 18123.4
-388253 -28552.5
-387717 28493.8
-346862 -14953.4
-398020 -3691.96
-343328 21064.4
-364440 -28802.8
-371974 25847.1
-326209 -11231.1
-377358 -7548.16
-328435 23474
-342064 -29081.3
-356190 22416
-306987 -7031.08
-357781 -11716.8
-313587 24285.9
-319506 -28385.2
-340438 19331.6
-288747 -2928.17
-337353 -14694.4
-299699 25961.5
-298388 -26348.5
-325778 16216.3
-271880 696.435
-317185 -17303.7
-286500 26718.6
-277433 -24460.1
-309761 13265.5
-255713 5438.68
-297363 -19165.7
-273554 27571.1
-257866 -21794.5
-294247 9608.66
-240117 8739.16
-276787 -21516.4
-259495 26771.9
-236867 -19516.7
-275991 5606
-222278 12221.8
-253623 -22066
-243431 27078
-214765 -15518.4
-255756 3136.1
-204323 16170.8
-228447 -22826.5
-224109 26479.5
-188998 -11016.5
-230698 396.254
-180054 21004.7
-197807 -21345
-197839 26703.4
-155270 -5065.26
-195499 732.725
-145721 27554.2
-152622 -16377.9
-155602 31398.4
-102399 5868.08
-134711 6799.55
-78651.2 43179.2
-64612 1993.1
-55905 55271
31672 51702.7
41494.4 71312.5
158282 182955
265660 325173
33623.6 690152
-106437 625772
-387821 819643
-761204 549179
-692719 198355
-609277 115470
-496658 64977.6
-480843 24111.2
-426801 47559.9
-390717 1183.87
-399487 22442.8
-341749 17062.9
-361102 -7826.26
-336485 28178.1
-312354 -11339.3
-337202 9694.98
-288748 11524.6
-311131 -15689.2
-298001 23195.8
-273338 -13485.1
-303949 3177.77
-259501 11891.3
-280987 -18978
-274847 20466.3
-247614 -11897
-282629 -292.972
-241619 12517.9
-258590 -21041.9
-259277 18287.8
-228830 -10411.2
-264877 -3825.05
-227933 14878.8
-241298 -21336.6
-247785 16232.3
-214419 -8150.91
-250684 -7200.11
-217466 16344.7
-226055 -21342.3
-238050 14481.4
-202624 -5269.8
-238729 -9774.07
-209457 17079.6
-212758 -20949.4
-229537 12175.9
-192727 -2402.07
-227250 -12141.7
-203056 18152.5
-201147 -20058.3
-222467 9448.14
-184048 141.855
-217189 -14426.7
-197182 17744.7
-189882 -18988.9
-215016 6868.81
-176549 2994.38
-206847 -16256.1
-192004 18379.4
-180506 -17115.2
-208737 4065.71
-170266 5031.45
-197211 -17940.1
-187254 17461.9
-170838 -15202.4
-202060 1636.43
-164738 6949.18
-187014 -19316.3
-182283 17250.4
-162030 -12388.3
-195077 -99.728
-160063 10360.7
-178875 -19064.2
-179356 16503.6
-155078 -9767.29
-189927 -2569.4
-156784 11188.7
-170401 -20135.1
-176071 14674.5
-148721 -8791.95
-182368 -6573.51
-151969 12387.1
-161611 -20397.1
-171426 12202.5
-141153 -6488.71
-174162 -9050.49
-147053 14535.4
-152717 -18794.2
-167323 11510.3
-135231 -2902.8
-167952 -10080.2
-144710 15481.4
-145171 -18376.3
-162916 9413.02
-130235 -229.858
-160759 -12397
-141351 15794.5
-136994 -16953.4
-159060 7223.64
-124863 1260.99
-152269 -13844.1
-138401 16373.2
-129187 -16007.3
-153875 4509.74
-119140 3158.58
-143755 -15227.7
-134298 15874.9
-120297 -14924.6
-146042 2143.17
-112492 7004.92
-134643 -15144.4
-129306 16784
-112036 -11288.7
-140231 793.259
-107258 8952.73
-124937 -16333.5
-122647 16014.1
-101968 -8928.52
-130100 -677.399
-99442.6 11617.8
-111979 -16135.8
-112861 15492.5
-87701.9 -5087.61
-115779 -1086.58
-84921.9 15220.7
-91977.9 -12346.5
-94776.1 18161.2
-63056.1 1328.25
-83496.2 4829.01
-47291.4 29263.1
-36688 15441.6
-26907.7 83270.1
-55502.5 137254
-149982 76772.5
-95186.8 66466.2
-63687.1 43539.7
-65775.3 136171
-116054 146393
-134965 94881.8
-122711 187040
-224867 151133
-275139 88576.6
-218121 35959.3
-221746 6511.44
-193508 27281.3
-176628 -7515.5
-189076 10143.2
-152756 9154.7
-173738 -8449.01
-161249 18667.7
-147455 -11281.2
-168907 3928.51
-135292 5602.15
-154327 -13502.7
-147418 15294.6
-131383 -11066.5
-156618 1388.37
-126023 6913.34
-142486 -15080.8
-140428 13968.7
-121954 -9699.72
-148928 -1885.11
-119602 7846.03
-133310 -15907.5
-135912 12212.9
-113725 -8798
-141322 -3585.11
-115595 10355.1
-126403 -16419
-132010 11187.9
-108961 -6618.03
-136076 -6569.62
-112498 10509
-118466 -16835
-128447 10061.7
-103400 -3887.58
-131182 -7681.25
-110316 12040.7
-113256 -15996.8
-126594 8607.1
-100548 -2493.17
-126535 -10472.2
-108178 11274.1
-106532 -15734.6
-123112 6792.43
-96390 54.2976
-120753 -11300
-106681 13284.3
-102370 -13663
-121959 4986.17
-94055.9 1758.52
-116839 -12730.2
-105879 12312.1
-97291.2 -12995
-118978 2749.96
-91540.9 3783.09
-111651 -13847.2
-104887 12699.1
-92961.7 -11568.1
-116508 1069.3
-89663.7 5639
-107309 -14365.8
-104220 12201.1
-89215.4 -10076.1
-113707 -730.232
-88786.2 7486.21
-103289 -15147.7
-103914 11048.6
-86106.2 -8988.76
-111347 -3794.66
-87078.9 6993.81
-97307.6 -15990.3
-102074 9286.18
-80773.3 -7104.53
-106921 -4574.69
-85960.5 9626.29
-92608.9 -15566.5
-101436 9596.74
-78888.4 -5593.8
-103413 -6936.08
-84018.2 10766
-88554.9 -13788.1
-100848 8140.47
-76790.8 -2892
-101425 -8939.09
-84654.5 10037.9
-83755.8 -15944.1
-97758.1 5439.54
-72612.4 -1656.76
-95995 -10564.6
-81736.9 11056.1
-78464.8 -13780.7
-95123.9 4878.18
-69924.4 1379.42
-91646.7 -10581.2
-80978.1 12124.2
-74403.7 -11546.8
-93689 3391.47
-67912.5 3106.33
-86514.7 -11856.7
-79380.9 12833.3
-69286.4 -9583.71
-91470.7 3034.57
-66036.9 4539.23
-80989.2 -12653.6
-77292.3 13241.1
-65072.9 -8116.14
-86564.2 -448.176
-60050.6 6906.13
-73523.2 -12075.4
-72126.7 13140.5
-54356.8 -5779.73
-74989.5 1343.93
-46840.3 14355.7
-52298.7 423.958
-58728.9 49473.6
-75760 31209.5
-99313.8 10599.4
-72397.5 18324
-75406.7 -6454.48
-77082.2 15034.6
-49327 3319.83
-64491.8 10500.3
-46577.9 49696.1
-85696.2 30290.4
-96955.2 25516.9
-66445 9543.23
-78119.1 6441.47
-53236.2 31327.9
-58870.1 34873
-100840 46681.8
-69257.9 23010.8
-77491.4 29940.9
-87676.7 71808.8
-113274 32952.9
-133136 26166.8
-99306.8 9361.18
-113383 -4893.48
-98556.6 15237.7
-90088.8 -8886.47
-106022 6745.71
-81407.6 4395.13
-98432.5 -9916.38
-89598.6 12757.7
-81421.2 -9654.24
-99167 1648.7
-74486.2 4172.11
-90578.9 -11218.6
-86685.6 11666.9
-75081.5 -9533.06
-95553.7 -49.1035
-72318.7 4051.41
-85486.3 -13861
-83461.1 8863.93
-69036.6 -9070.46
-90319.5 -1961.18
-69224.7 5988.58
-80000.5 -13454.1
-82174.8 8900.15
-65436.5 -7294.51
-87139.6 -3285.84
-68026.7 7597.99
-75529 -13440.9
-81194.9 8859.61
-63013.5 -5013.95
-85235 -5301.14
-66144.8 8599.18
-72178.8 -12298.5
-80587.3 8080.57
-60880.5 -3026.08
-82637.2 -5611.99
-67354.3 10064.2
-69887.6 -12221.4
-81017 6356.07
-59954.2 -2217.31
-80635.4 -8600.64
-66704 8980.78
-65259.9 -13172
-78150.2 5345.71
-57248.3 272.261
-77188.5 -7764.8
-67740.5 11308.5
-65021.2 -11717.9
-78600.2 2165.7
-56993.9 1260.75
-75399.3 -11084
-67108.6 8628.6
-59140.8 -12420.9
-75554.3 1483.87
-54070.4 3048.33
-70876.6 -9584.02
-67130.3 10748
-57703.7 -9050.36
-76155.3 657.392
-55380 4723.14
-69423.3 -11803.7
-67069.4 9452.13
-55229.8 -8331.15
-74924 -983.276
-55085.9 5200.44
-66373 -12448.8
-67079.1 8186.25
-52949.7 -7136.14
-73307.9 -3655.7
-53735 5863.26
-62989.2 -12944.1
-66167.7 6905.8
-49330.3 -6190.44
-69588.2 -3497.51
-53491.1 8156.19
-60056.3 -10701.1
-68534.9 6477.73
-48649.5 -6140.82
-66819.3 -6684.36
-52605.3 8855.93
-55670.9 -12021.3
-64969.2 6858.07
-46986 -1575.17
-66293.4 -7391.29
-52251.1 8594.42
-51851.3 -11107.1
-63975.6 6117.32
-44684.3 -60.8605
-61824.7 -7495.84
-51695.8 11328.4
-49244 -9468.07
-62207.8 4875.47
-40514.5 2787.81
-56908.5 -5446.92
-46967.9 15198
-42998.7 4858.16
-71960.1 16713.2
-52714.5 7429.47
-66287.7 -7601.4
-58867.6 9747.59
-48234.7 -8947.63
-64365 1974.6
-43867 5413.78
-57795.1 -9641.56
-52688.8 10394.8
-41174.6 -6207.14
-56112.5 3756.05
-35384.6 15620.3
-56551.4 8062.68
-65921.4 18309.8
-50083.6 -1796.37
-67832.5 157.919
-46706.5 7060.54
-53471.9 -9828.75
-55050.3 10189.1
-38015.5 -2362.01
-54539.4 2237.81
-36071.9 21316.1
-55803.7 8715.8
-66857.5 16804.7
-47839 809.939
-62729.8 -1750.91
-44348.9 11459.8
-44908.1 -4360.77
-50387 20263.5
-44814.8 18993.1
-68015.3 4274.14
-49071.1 17138.9
-45419.2 3945.69
-64539.6 29133.3
-56337.9 18377.5
-78028.8 4942.42
-65049.4 14100.9
-60295.5 -6417.3
-71718 8142.31
-53723.4 2633.63
-68332.5 -7297.04
-58707.3 8842.49
-52708.5 -8031
-68332.1 5094.14
-51120.7 2658.08
-64772.6 -10156.7
-58750.1 7126.14
-49876.2 -11314.2
-64861.4 -551.913
-45209.7 1353.49
-58694.8 -10294.1
-55590.3 7402.47
-46789.5 -8030.86
-63879.1 -2582.62
-43830.5 1661.81
-53660 -12218.9
-53103.9 7924.75
-42072.1 -6721.7
-58935.2 -680.372
-43070.1 7935.9
-53994.8 -8492.6
-56475.4 8382.44
-42871.7 -5011.13
-60278.4 -2497.28
-45490.3 7298.69
-52070.9 -11393.3
-55811.6 6677.64
-41537.3 -3907.13
-59655.9 -4655.54
-45813.8 6930.07
-50464.5 -12696
-55658.8 2660.8
-37081 -4626.86
-56115.7 -5565.79
-43571 6863
-44886.1 -10523.7
-54964.3 5507.51
-38349.6 -1754.19
-54900.9 -7313.91
-43323.4 7803.88
-43239.9 -9381.38
-53954.3 4351.46
-37302.1 1800.67
-54317.1 -6438.07
-46741.1 9159.24
-43529.8 -10064.4
-55431.3 1454.58
-37082.6 590.364
-52153 -9759.3
-44521.4 7575.47
-40485.2 -8653.81
-54101.4 -237.036
-35636 1394.62
-47891.5 -9647.12
-45424.9 8887.89
-37749.2 -8092.88
-52981.9 6.13204
-35847.4 3084.05
-46635.8 -10211.8
-45387.5 6753.28
-33778.5 -7647.31
-49119 -1344.36
-31957.6 6806.34
-41389.5 -6275.5
-45720.5 15151
-38698.7 -1351.64
-54224.6 -523.383
-38465.6 6612.38
-44996.6 -9707.28
-47355.3 6853.22
-33582.6 -2944.09
-51461.3 -1996.18
-37412 7193.5
-41804.4 -8790.64
-48270.1 7219.51
-33924.3 -2562.06
-49604.9 -4954.62
-36516.2 6503.08
-36773.3 -9033.42
-45899.7 7465.24
-30008.6 552.805
-44233.8 -1575.53
-37583.3 17041.9
-43331.3 -3292.57
-52906.7 6244.64
-34791.6 933.705
-50222.4 -5591.79
-41730.2 8009.26
-37915.7 -10025.3
-48261.7 2682.75
-31195.4 1179.05
-45758.5 -6867.85
-38898.9 7737.12
-32830.5 -7354.81
-45670.4 2860.64
-27011.5 5234
-40183.2 -710.796
-43483.1 18732.9
-40490.3 -3790.84
-51919.1 2081.3
-34810.2 3969.01
-44882.2 -8287.94
-43234.5 8609.16
-35033.6 -7137.63
-47396.7 -3223.28
-29244 3889.23
-38085.4 -9151.15
-35562.9 10667.9
-29211 4069.11
-51216.7 4515.73
-35935.3 7553.51
-41311 -8749.47
-42645.3 7801.91
-29701.2 -3128.15
-44174 -1879.07
-27626.8 9270.59
-33732.2 578.677
-47103.6 16040.2
-33661 1942.48
-48941.8 -569.096
-33373.6 9747.58
-35630.9 -1396.46
-47700.5 15006.9
-36647.1 6046.89
-53843.4 -2076.1
-40063.6 8495.65
-40002.2 -7335.22
-48964.3 6273.91
-33323.7 1326.41
-49859.4 -4225.41
-40633.2 7056.43
-37719.9 -9254.32
-47637.4 2823.55
-31378.7 680.002
-45588.2 -6504.26
-39196.9 8262.36
-35332.5 -7751.28
-48330.3 3247.1
-33081.5 1067.45
-45591.4 -8948.55
-40092.2 4771.6
-32645.3 -9948.82
-45179 -1020.66
-29175.1 1474.41
-40473.6 -9165.11
-38188 6611.23
-29957.6 -7056.64
-45130.5 -662.372
-28044.1 2441.42
-38277.4 -7485.82
-38631.3 6835.32
-28539.8 -4702.14
-44225.2 -617.158
-30038.1 5023.79
-36833.6 -9410.47
-37817.2 7720.26
-27534.2 -2657.81
-43713.1 609.069
-32320.5 6920.81
-36889.3 -8274.29
-41674.9 6923.91
-29319.2 -4449.45
-41487.4 -4510.43
-29903.5 8151.15
-36030.7 -7491.91
-40954.6 4776.73
-26753.4 -1330
-42083.7 -3618.44
-31599.2 8167
-34071.3 -6602.35
-43231.4 5739.64
-29302.9 -886.953
-43614 -6483.6
-33437.6 4445.07
-31046 -9756.62
-40513.4 3222.07
-28054.4 501.342
-41734 -9235.83
-31936.2 3289.98
-27528.3 -10532.4
-35770.2 446.513
-21598 5112.09
-38310.4 -3927.03
-33821.5 8776.82
-28500 -6078.11
-40783.6 2071.98
-25232.4 3556.88
-37050.2 -6106.75
-33735.7 8667.81
-28577.9 -3680.61
-42195.1 595.737
-27191.6 4254.75
-36723.8 -7774.2
-36698.5 6884.17
-27014.6 -6796.03
-40132.5 -2187.6
-25001.1 3656.02
-32895.8 -7926.65
-34737.6 7554.13
-25270.2 -3740.05
-38635 -1864.21
-25138.8 7820.71
-34836.6 -5555.9
-38208.8 5485.02
-24806.6 -4314.16
-37780.7 -3147.66
-26882.5 7868.51
-32782.3 -7404.78
-37567.1 4650.87
-23642.2 -2644.45
-38252.8 -4238.03
-27265.1 5963.72
-28443.9 -8567.39
-35469.2 5652.36
-22736.4 -507.642
-35885.4 -4098.86
-26657.5 8107.34
-25966.2 -5166.39
-36538.1 9257.76
-26530 4230.4
-40183.4 -4245.32
-32022.6 6455.81
-28805.2 -8006.2
-38510.1 1166.19
-22272.7 -586.091
-33495.8 -6448.65
-28585.5 7765.71
-24460.6 -4951.65
-37834.7 3705.32
-22945.7 2146.5
-32122.2 -5657.94
-29680.4 10267.3
-26314.2 -2721.38
-39132.8 1310.67
-23440.9 3114.86
-31385.5 -6829.52
-30320.6 9968.43
-25489.9 -2889.56
-36727.6 -290.156
-21887.9 6144.71
-30156 -4333.08
-32254.5 11503.2
-25284.2 -180.758
-38548.6 1344.05
-26027 7922.92
-31813 -5795.04
-33530.7 10538.6
-26705.2 1831.62
-41613.7 416.025
-30204.7 6847.12
-34280.4 -7915.01
-37459 4458.53
-26023 -3003.35
-38784.9 -5518.41
-27369.9 3945.16
-28745.9 -8418.68
-36646.5 3254.59
-21651.4 -2927.87
-35039.5 -4085.71
-27708.4 7972.07
-30499.3 -7690.79
-36738.3 1288.88
-22999.8 -1822.48
-34687.8 -8055.35
-26854.7 5215.76
-24878.3 -8481.69
-34806.4 1405.1
-18907.7 433.134
-32919.6 -4359.01
-28853.8 7969.17
-25678.8 -7324.48
-35401.3 1394.96
-21460 1879.77
-33923.3 -6820.39
-29186.5 4869.24
-22751.2 -7866.86
-33326 -322.655
-18940.1 3629.82
-31359.4 -5017.58
-29444.8 6537.9
-21293.1 -4059.08
-35785.2 2005.03
-22613.2 4896.26
-32461.7 -5667.52
-32767.9 5714.01
-22848.4 -4957.71
-38193.9 -946.91
-24910.8 89.5405
-28364.6 -10844
-29651.5 3411.38
-19787.4 -5127.32
-33087.9 -3130.97
-21635 3936.74
-26402.6 -8061.64
-30326.9 4933.1
-20066.1 -2835.17
-32826.2 -3742.93
-23173.8 5298.23
-25155.8 -9323.38
-29630.1 5140.88
-19617.1 -791.309
-33293.2 -3954.03
-23418.3 5623.05
-25968.7 -7735.76
-31461.7 1702.46
-18241.4 -1765.45
-30197.6 -5460.35
-23052.4 6666.41
-23662.9 -7437.49
-30317.8 1774.56
-17210.7 373.238
-28933.1 -4480.69
-24288.8 7032.93
-20641.9 -6501.38
-29303.2 3584.33
-17407.4 4469.83
-29070.4 -2035.21
-27533.2 10698.1
-24962.3 -3241.9
-36262 1248.3
-21730.6 581.747
-29470.6 -7973.94
-27167.4 5528.76
-20810.7 -6253.86
-32298.8 -415.595
-19502.8 2251.17
-27933.8 -7192.7
-26812.6 4184.09
-18147.1 -3930.7
-32389.3 -776.731
-19810.2 2948.16
-25013.3 -8177.06
-26563.5 6262.64
-18096.1 -3368.99
-30636.9 -1396
-18520.2 5132.16
-24506.4 -4703.04
-28885.1 6420.62
-18440.2 -770.902
-32634.7 -1291.71
-22193.5 5499.97
-25676.9 -6709.15
-31038.8 3119.2
-17749.6 -3538.37
-29845.9 -5199.94
-19166.6 4879.55
-21394.6 -5694.61
-29382.5 4594.97
-16840.4 -301.203
-29093.2 -4309.89
-19821.4 7328.68
-21444.9 -3345.62
-31724.7 5525.38
-19174.5 1115.3
-31207.5 -5313.08
-23262 5521.07
-21756.8 -7362.96
-28937.9 1331.84
-15850.6 1444.66
-28182.5 -4102.86
-22663.5 6164.36
-19670.7 -3057.58
-32087.1 2566.24
-18479.8 1020.39
-26567.4 -5698.29
-24564.4 6135.8
-18294.1 -4890.28
-28393.6 1760.52
-17791.2 6226.3
-27691.7 -3481.27
-28991 7678.24
-20953.1 -5548.53
-31119.4 -1162.38
-18991.7 3601.32
-27117.4 -6803.45
-26635.8 4178.74
-18459.9 -3411.25
-31316.7 -2347.24
-19386.5 3106.43
-24709.1 -7685.3
-27777.4 3570.38
-16921.7 -5426.84
-27286.9 -3833.65
-17728.9 5739.67
-23217.8 -6387.85
-27636.4 4258.44
-16004.3 -2527.19
-29471.5 -2496.48
-20155.9 3986.27
-21367.4 -7741.53
-25964.6 4416.77
-17718 -60.0628
-29215.3 -4580.06
-21290.1 3185
-18432.9 -7885.52
-26770.7 3908.01
-16358.7 311.394
-27131 -4889.75
-21421.9 6196.73
-20503.6 -6974.24
-27246.2 945.254
-15599.2 1163.92
-26078.7 -6306.51
-20567 6207.46
-17966.4 -4592.6
-29357.7 2722.87
-17599.5 1277.58
-25729.1 -7300.12
-22443.7 6689.58
-20118.2 -5991.55
-29218.7 -2497.05
-14421.3 -338.517
-22918.4 -7557.37
-20344.1 5039.67
-15363.7 -3546.95
-27021.5 259.817
-15363.6 4244.83
-23977.7 -4772.44
-25332.3 4994.87
-15836.7 -4855.49
-28070.6 -1680
-15669.4 1994.52
-20320.3 -6689.73
-23249.1 5722.2
-13950.4 -3145.97
-25470.4 666.057
-18205.9 6463.25
-22405.2 -5618.53
-25659.5 4366.5
-14929.1 -1402.33
-28324 -1894.22
-18832.4 4417.44
-21460.8 -6776.62
-26165.4 2405.82
-14718.2 -2567.9
-25729.4 -4972.62
-17362.4 4311.1
-17670.8 -6928.18
-24527.8 3403.32
-12871.8 -205.148
-24636.3 -3399.42
-17448.6 6715.86
-18373.4 -4393.39
-25561.5 3425.08
-13896.7 1602.66
-25105.7 -2306.36
-20816 6251.98
-17882.1 -4042.12
-27071.9 2544.45
-15750.4 2730.89
