0 0
0.000183747 -0.324895
0.000367493 1.34501
0.00055124 -1.48222
0.000734987 2.22868
0.000918733 0.782543
0.00110248 -0.654318
0.00128623 6.20995
0.00146997 -2.69016
0.00165372 7.32726
0.00183747 3.29134
0.00202121 1.07967
0.00220496 13.8139
0.00238871 -2.42904
0.00257245 15.4847
0.0027562 8.10267
0.00293995 4.88906
0.00312369 25.216
0.00330744 -0.498583
0.00349119 27.4878
0.00367493 16.2385
0.00385868 11.0684
0.00404243 42.0394
0.00422617 3.71661
0.00440992 44.5624
0.00459367 29.5467
0.00477741 20.4557
0.00496116 66.8354
0.00514491 11.7494
0.00532865 68.8587
0.0055124 51.0422
0.00569615 34.6179
0.00587989 103.679
0.00606364 26.4071
0.00624739 104.148
0.00643113 86.3678
0.00661488 57.1818
0.00679863 159.989
0.00698237 53.5589
0.00716612 157.672
0.00734987 145.926
0.00753361 95.9054
0.00771736 250.227
0.00790111 105.931
0.00808485 245.277
0.0082686 252.245
0.00845234 169.393
0.00863609 406.392
0.00881984 214.237
0.00900358 405.426
0.00918733 460.164
0.00937108 328.384
0.00955482 712.312
0.00973857 467.151
0.00992232 752.619
0.0101061 936.495
0.0102898 747.716
0.0104736 1453.48
0.0106573 1205.69
0.0108411 1756.86
0.0110248 2413.25
0.0112085 2336.09
0.0113923 4197.83
0.011576 4726.75
0.0117598 7172.84
0.0119435 12110.1
0.0121273 18231.4
0.012311 41166.8
0.0124948 101903
0.0126785 196325
0.0128623 99818.6
0.013046 42156.2
0.0132298 19055.7
0.0134135 13001.9
0.0135973 8110.13
0.013781 5229.82
0.0139647 5021.06
0.0141485 2765.72
0.0143322 2929.48
0.014516 2316.82
0.0146997 1445.36
0.0148835 2024.06
0.0150672 986.06
0.015251 1277.01
0.0154347 1170.84
0.0156185 582.899
0.0158022 1165.52
0.015986 483.793
0.0161697 700.134
0.0163535 758.409
0.0165372 259.135
0.0167209 789.319
0.0169047 285.574
0.0170884 422.743
0.0172722 564.647
0.0174559 106.097
0.0176397 583.018
0.0178234 194.418
0.0180072 262.768
0.0181909 458.003
0.0183747 24.3953
0.0185584 452.269
0.0187422 150.183
0.0189259 158.49
0.0191096 392.34
0.0192934 -21.4243
0.0194771 360.933
0.0196609 130.257
0.0198446 86.1748
0.0200284 348.808
0.0202121 -47.8208
0.0203959 290.626
0.0205796 122.923
0.0207634 32.6379
0.0209471 316.815
0.0211309 -61.2751
0.0213146 234.137
0.0214984 123.034
0.0216821 -8.18244
0.0218658 291.635
0.0220496 -65.5506
0.0222333 187.022
0.0224171 127.601
0.0226008 -40.1188
0.0227846 270.12
0.0229683 -64.3245
0.0231521 145.284
0.0233358 134.384
0.0235196 -64.861
0.0237033 250.114
0.0238871 -57.7815
0.0240708 108.874
0.0242546 142.936
0.0244383 -82.6739
0.024622 231.536
0.0248058 -47.7368
0.0249895 75.5744
0.0251733 151.023
0.025357 -96.4043
0.0255408 212.699
0.0257245 -35.7353
0.0259083 45.3268
0.026092 159.543
0.0262758 -104.485
0.0264595 194.272
0.0266433 -20.4676
0.026827 18.1851
0.0270108 166.045
0.0271945 -108.97
0.0273782 175.139
0.027562 -4.08381
0.0277457 -6.40192
0.0279295 172.6
0.0281132 -108.663
0.028297 156.049
0.0284807 14.2474
0.0286645 -27.3539
0.0288482 176.23
0.029032 -106.085
0.0292157 135.487
0.0293995 32.4637
0.0295832 -45.6302
0.029767 179.197
0.0299507 -98.6789
0.0301344 116.591
0.0303182 52.4838
0.0305019 -59.7261
0.0306857 180.65
0.0308694 -87.5456
0.0310532 96.9807
0.0312369 71.4263
0.0314207 -70.3104
0.0316044 181.122
0.0317882 -72.1927
0.0319719 80.3692
0.0321557 92.9676
0.0323394 -75.0777
0.0325232 180.745
0.0327069 -51.9054
0.0328906 66.6476
0.0330744 115.991
0.0332581 -71.4575
0.0334419 183.083
0.0336256 -23.4957
0.0338094 60.0361
0.0339931 144.334
0.0341769 -56.1189
0.0343606 191.578
0.0345444 18.3699
0.0347281 68.9681
0.0349119 185.117
0.0350956 -14.1908
0.0352794 223.528
0.0354631 95.3314
0.0356468 124.426
0.0358306 275.207
0.0360143 108.287
0.0361981 342.519
0.0363818 302.444
0.0365656 371.649
0.0367493 618.541
0.0369331 674.347
0.0371168 1143.49
0.0373006 1760.78
0.0374843 3311.82
0.0376681 7405
0.0378518 18531.7
0.0380356 16742.2
0.0382193 6253.79
0.038403 2804.36
0.0385868 1801.14
0.0387705 787.782
0.0389543 803.352
0.039138 500.489
0.0393218 251.409
0.0395055 470.888
0.0396893 74.7283
0.039873 265.414
0.0400568 198.32
0.0402405 4.0473
0.0404243 283.236
0.040608 -31.7998
0.0407918 133.058
0.0409755 139.875
0.0411592 -69.7271
0.041343 221.439
0.0415267 -55.6405
0.0417105 69.5802
0.0418942 125.829
0.042078 -102.386
0.0422617 187.652
0.0424455 -55.7335
0.0426292 28.718
0.042813 126.581
0.0429967 -120.976
0.0431805 163.439
0.0433642 -47.2562
0.043548 -3.6355
0.0437317 130.71
0.0439154 -130.561
0.0440992 143.94
0.0442829 -33.9961
0.0444667 -30.935
0.0446504 133.543
0.0448342 -137.043
0.0450179 122.779
0.0452017 -19.7394
0.0453854 -55.5315
0.0455692 139.778
0.0457529 -135.155
0.0459367 104.555
0.0461204 -0.542807
0.0463042 -73.078
0.0464879 145.262
0.0466716 -128.831
0.0468554 85.5648
0.0470391 17.2774
0.0472229 -90.8736
0.0474066 147.39
0.0475904 -123.469
0.0477741 64.6356
0.0479579 35.651
0.0481416 -105.067
0.0483254 148.279
0.0485091 -111.584
0.0486929 44.6335
0.0488766 54.1185
0.0490604 -117.312
0.0492441 142.959
0.0494278 -102.959
0.0496116 20.8143
0.0497953 67.5853
0.0499791 -130.136
0.0501628 136.515
0.0503466 -88.9478
0.0505303 -0.0309451
0.0507141 84.2834
0.0508978 -133.266
0.0510816 133.472
0.0512653 -70.2974
0.0514491 -17.4185
0.0516328 99.7356
0.0518165 -136.86
0.0520003 123.252
0.052184 -53.7448
0.0523678 -36.2477
0.0525515 113.122
0.0527353 -140.634
0.052919 108.779
0.0531028 -34.2385
0.0532865 -57.2535
0.0534703 119.081
0.053654 -139.659
0.0538378 95.4401
0.0540215 -14.5057
0.0542053 -73.0413
0.054389 129.484
0.0545727 -131.858
0.0547565 81.426
0.0549402 3.5087
0.055124 -87.469
0.0553077 135.511
0.0554915 -124.468
0.0556752 67.727
0.055859 27.8587
0.0560427 -98.4959
0.0562265 142.158
0.0564102 -112.741
0.056594 49.8664
0.0567777 45.5012
0.0569615 -112.389
0.0571452 140.292
0.0573289 -102.602
0.0575127 29.566
0.0576964 64.6634
0.0578802 -117.119
0.0580639 144.178
0.0582477 -82.8895
0.0584314 16.804
0.0586152 86.9195
0.0587989 -123.079
0.0589827 143.222
0.0591664 -59.7714
0.0593502 2.1566
0.0595339 114.672
0.0597177 -116.889
0.0599014 146.682
0.0600851 -27.909
0.0602689 4.04957
0.0604526 152.749
0.0606364 -91.0685
0.0608201 175.117
0.0610039 32.8268
0.0611876 38.1521
0.0613714 243.005
0.0615551 11.2504
0.0617389 312.919
0.0619226 293.587
0.0621064 406.141
0.0622901 1045.06
0.0624739 1862.89
0.0626576 3965.46
0.0628413 3606.09
0.0630251 4737.11
0.0632088 3183.22
0.0633926 1153.08
0.0635763 673.193
0.0637601 379.916
0.0639438 141.382
0.0641276 279.679
0.0643113 6.9818
0.0644951 132.733
0.0646788 101.202
0.0648626 -46.5504
0.0650463 168.078
0.0652301 -67.8281
0.0654138 58.1556
0.0655975 69.3248
0.0657813 -94.6411
0.065965 140.313
0.0661488 -81.7995
0.0663325 19.3296
0.0665163 72.5324
0.0667 -116.078
0.0668838 125.527
0.0670675 -73.1684
0.0672513 -1.80677
0.067435 77.4093
0.0676188 -130.475
0.0678025 113.706
0.0679863 -64.9081
0.06817 -23.9114
0.0683537 93.2622
0.0685375 -134.1
0.0687212 102.293
0.068905 -51.5029
0.0690887 -45.6164
0.0692725 103.828
0.0694562 -135.934
0.06964 92.4793
0.0698237 -33.7421
0.0700075 -62.7473
0.0701912 109.935
0.070375 -135.196
0.0705587 78.782
0.0707425 -15.5826
0.0709262 -78.9696
0.0711099 118.37
0.0712937 -131.136
0.0714774 61.9285
0.0716612 0.932188
0.0718449 -95.0471
0.0720287 117.206
0.0722124 -125.744
0.0723962 45.6008
0.0725799 19.9296
0.0727637 -108.469
0.0729474 122.947
0.0731312 -114.778
0.0733149 27.334
0.0734987 33.9116
0.0736824 -121.217
0.0738661 118.28
0.0740499 -103.231
0.0742336 11.1397
0.0744174 47.4224
0.0746011 -132.143
0.0747849 118.301
0.0749686 -85.1661
0.0751524 -0.687282
0.0753361 71.5758
0.0755199 -132.025
0.0757036 114.57
0.0758874 -67.9702
0.0760711 -17.9237
0.0762549 78.2386
0.0764386 -141.137
0.0766223 103.108
0.0768061 -61.9236
0.0769898 -46.4094
0.0771736 87.6627
0.0773573 -144.692
0.0775411 86.7674
0.0777248 -46.2481
0.0779086 -64.6595
0.0780923 104.09
0.0782761 -134.905
0.0784598 82.815
0.0786436 -20.9342
0.0788273 -72.8653
0.0790111 112.169
0.0791948 -133.453
0.0793785 68.5184
0.0795623 -1.67703
0.079746 -90.6569
0.0799298 115.769
0.0801135 -124.548
0.0802973 53.1902
0.080481 9.30639
0.0806648 -102.406
0.0808485 121.389
0.0810323 -118.946
0.081216 33.5868
0.0813998 23.5771
0.0815835 -113.923
0.0817673 119.033
0.081951 -112.158
0.0821347 16.1421
0.0823185 52.8781
0.0825022 -114.576
0.082686 127.263
0.0828697 -85.7858
0.0830535 6.04155
0.0832372 68.3358
0.083421 -124.948
0.0836047 122.774
0.0837885 -68.6023
0.0839722 -5.21621
0.084156 89.657
0.0843397 -124.795
0.0845234 120.081
0.0847072 -39.5193
0.0848909 -8.45861
0.0850747 118.744
0.0852584 -96.5284
0.0854422 142.296
0.0856259 10.4294
0.0858097 37.9988
0.0859934 230.76
0.0861772 122.028
0.0863609 659.45
0.0865447 1089.28
0.0867284 610.58
0.0869122 529.732
0.0870959 347.743
0.0872796 1089.86
0.0874634 1174.14
0.0876471 762.598
0.0878309 1506.46
0.0880146 1219.8
0.0881984 716.399
0.0883821 291.441
0.0885659 52.8833
0.0887496 222.028
0.0889334 -61.2912
0.0891171 82.892
0.0893009 74.9678
0.0894846 -69.3313
0.0896684 153.499
0.0898521 -92.9523
0.0900358 32.4354
0.0902196 46.348
0.0904033 -111.938
0.0905871 127.052
0.0907708 -92.1157
0.0909546 11.5799
0.0911383 57.7782
0.0913221 -126.292
0.0915058 117.214
0.0916896 -81.5557
0.0918733 -15.8818
0.0920571 66.2342
0.0922408 -134.556
0.0924246 103.51
0.0926083 -74.7152
0.092792 -30.5062
0.0929758 88.2875
0.0931595 -140.265
0.0933433 95.7649
0.093527 -56.7598
0.0937108 -56.4553
0.0938945 90.4846
0.0940783 -145.237
0.094262 86.973
0.0944458 -33.6695
0.0946295 -66.6552
0.0948133 104.688
0.094997 -139.354
0.0951808 75.1244
0.0953645 -21.8029
0.0955482 -91.7561
0.095732 98.9721
0.0959157 -138.395
0.0960995 59.8579
0.0962832 0.479409
0.096467 -99.961
0.0966507 117.739
0.0968345 -121.325
0.0970182 44.3604
0.097202 15.6746
0.0973857 -113.686
0.0975695 110.16
0.0977532 -116.489
0.097937 24.6973
0.0981207 34.0395
0.0983044 -124.828
0.0984882 114.692
0.0986719 -104.672
0.0988557 9.69339
0.0990394 51.2136
0.0992232 -130.713
0.0994069 111.222
0.0995907 -92.0213
0.0997744 -6.68121
0.0999582 68.6207
0.100142 -139.103
0.100326 101.647
0.100509 -82.848
0.100693 -35.0387
0.100877 64.6965
0.101061 -148.189
0.101244 86.215
0.101428 -66.0799
0.101612 -42.6267
0.101796 89.8594
0.101979 -145.572
0.102163 89.9069
0.102347 -52.4997
0.102531 -65.2143
0.102714 101.405
0.102898 -130.103
0.103082 76.9497
0.103266 -27.3861
0.103449 -84.8001
0.103633 95.3933
0.103817 -151.79
0.104001 51.8768
0.104184 -15.8284
0.104368 -101.11
0.104552 106.001
0.104736 -132.355
0.104919 46.9341
0.105103 13.2949
0.105287 -102.161
0.105471 117.263
0.105654 -111.873
0.105838 32.9159
0.106022 30.2007
0.106206 -115.474
0.106389 125.202
0.106573 -93.6605
0.106757 29.7076
0.106941 44.5143
0.107124 -124.301
0.107308 130.296
0.107492 -80.0018
0.107676 -4.42528
0.107859 68.3074
0.108043 -119.64
0.108227 130.413
0.108411 -57.4585
0.108594 13.3832
0.108778 143.199
0.108962 4.23616
0.109145 495.17
0.109329 312.895
0.109513 106.444
0.109697 184.327
0.10988 -65.0365
0.110064 151.744
0.110248 33.5631
0.110432 106.334
0.110615 504.097
0.110799 307.763
0.110983 259.693
0.111167 97.2849
0.11135 65.7737
0.111534 320.416
0.111718 357.263
0.111902 479.026
0.112085 236.514
0.112269 308.248
0.112453 740.497
0.112637 340.368
0.11282 270.716
0.113004 97.0064
0.113188 -50.7918
0.113372 158.416
0.113555 -92.5363
0.113739 70.3579
0.113923 45.9154
0.114107 -103.762
0.11429 133.708
0.114474 -101.345
0.114658 17.3349
0.114842 43.937
0.115025 -118.334
0.115209 123.258
0.115393 -100.876
0.115577 -0.520424
0.11576 43.0072
0.115944 -147.373
0.116128 94.3926
0.116312 -96.7448
0.116495 -20.9508
0.116679 64.0756
0.116863 -144.18
0.117047 95.5281
0.11723 -78.4172
0.117414 -35.3787
0.117598 81.9357
0.117782 -145.171
0.117965 95.8395
0.118149 -54.3232
0.118333 -57.524
0.118517 93.4569
0.1187 -133.869
0.118884 88.0929
0.119068 -33.0408
0.119252 -61.37
0.119435 110.227
0.119619 -134.059
0.119803 69.8282
0.119987 -24.3969
0.12017 -94.777
0.120354 99.1175
0.120538 -145.596
0.120722 59.1787
0.120905 3.0186
0.121089 -86.2205
0.121273 125.76
0.121457 -130.511
0.12164 24.1575
0.121824 14.0844
0.122008 -124.01
0.122192 96.6844
0.122375 -139.387
0.122559 16.6769
0.122743 34.311
0.122926 -108.036
0.12311 121.338
0.123294 -102.325
0.123478 7.44369
0.123661 53.56
0.123845 -134.052
0.124029 107.505
0.124213 -94.8957
0.124396 -11.2165
0.12458 59.4107
0.124764 -142.426
0.124948 93.7969
0.125131 -81.8851
0.125315 -42.0096
0.125499 67.4768
0.125683 -149.185
0.125866 79.7075
0.12605 -71.555
0.126234 -40.4865
0.126418 94.5519
0.126601 -124.235
0.126785 75.3125
0.126969 -71.4988
0.127153 -77.94
0.127336 103.41
0.12752 -140.574
0.127704 80.3122
0.127888 -18.4727
0.128071 -86.8056
0.128255 101.08
0.128439 -130.82
0.128623 72.1529
0.128806 -0.718867
0.12899 -88.665
0.129174 134.189
0.129358 -112.313
0.129541 57.9162
0.129725 33.1636
0.129909 -64.8881
0.130093 181.307
0.130276 58.038
0.13046 199.946
0.130644 89.0065
0.130828 -91.1944
0.131011 117.107
0.131195 -107.647
0.131379 23.7893
0.131563 65.3143
0.131746 -116.483
0.13193 125.758
0.132114 -75.1996
0.132298 45.5678
0.132481 189.766
0.132665 98.0869
0.132849 223.058
0.133033 -21.9144
0.133216 1.92915
0.1334 86.3712
0.133584 -120.4
0.133768 124.986
0.133951 -29.0138
0.134135 27.5258
0.134319 262.555
0.134503 107.501
0.134686 207.554
0.13487 10.0171
0.135054 -21.6843
0.135238 142.118
0.135421 -54.1534
0.135605 251.979
0.135789 236.502
0.135973 53.2936
0.136156 213.991
0.13634 49.3312
0.136524 364.731
0.136707 230.385
0.136891 62.0427
0.137075 177.247
0.137259 -80.7733
0.137442 102.623
0.137626 33.2378
0.13781 -92.2153
0.137994 111.895
0.138177 -101.761
0.138361 64.634
0.138545 33.7702
0.138729 -129.209
0.138912 90.7759
0.139096 -144.316
0.13928 -7.04912
0.139464 17.3097
0.139647 -131.824
0.139831 94.9196
0.140015 -103.113
0.140199 -33.2032
0.140382 21.3929
0.140566 -157.503
0.14075 102.284
0.140934 -86.8698
0.141117 -8.80445
0.141301 102.829
0.141485 -110.186
0.141669 108.898
0.141852 -65.185
0.142036 -32.5269
0.14222 95.1876
0.142404 -148.781
0.142587 87.3131
0.142771 -51.1533
0.142955 -61.0301
0.143139 90.9641
0.143322 -166.862
0.143506 35.0153
0.14369 -60.9659
0.143874 -73.4317
0.144057 90.6619
0.144241 -139.198
0.144425 72.9411
0.144609 -23.262
0.144792 -97.1114
0.144976 103.749
0.14516 -124.879
0.145344 57.9971
0.145527 24.03
0.145711 -86.0247
0.145895 122.539
0.146079 -134.818
0.146262 19.5094
0.146446 7.92817
0.14663 -131.225
0.146814 101.988
0.146997 -116.652
0.147181 -3.1992
0.147365 18.8462
0.147549 -130.529
0.147732 120.406
0.147916 -109.772
0.1481 0.0832788
0.148284 41.9362
0.148467 -139.03
0.148651 92.0572
0.148835 -104.373
0.149019 -18.3709
0.149202 93.1246
0.149386 -85.9674
0.14957 207.808
0.149754 -18.5615
0.149937 -7.19622
0.150121 91.0278
0.150305 -133.797
0.150488 94.5743
0.150672 -40.678
0.150856 -27.6145
0.15104 99.6338
0.151223 -121.903
0.151407 100.237
0.151591 -35.6154
0.151775 -68.958
0.151958 90.619
0.152142 -126.031
0.152326 104.278
0.15251 7.73116
0.152693 -22.0608
0.152877 238.911
0.153061 -46.2141
0.153245 87.7542
0.153428 13.1368
0.153612 -78.7684
0.153796 112.957
0.15398 -141.558
0.154163 37.926
0.154347 16.688
0.154531 -97.322
0.154715 109.771
0.154898 -104.47
0.155082 40.6818
0.155266 74.5221
0.15545 -10.1323
0.155633 267.351
0.155817 -54.1659
0.156001 29.774
0.156185 56.8455
0.156368 -118.842
0.156552 123.593
0.156736 -102.588
0.15692 -46.3821
0.157103 56.0305
0.157287 -131.991
0.157471 154.048
0.157655 58.8276
0.157838 65.3605
0.158022 109.457
0.158206 -126.934
0.15839 113.319
0.158573 -45.4876
0.158757 -27.3559
0.158941 135.12
0.159125 8.44401
0.159308 234.328
0.159492 28.4099
0.159676 -8.33297
0.15986 142.893
0.160043 -20.4947
0.160227 220.497
0.160411 88.949
0.160595 -30.5742
0.160778 125.256
0.160962 -108.271
0.161146 92.7112
0.16133 19.6231
0.161513 -62.5825
0.161697 104.631
0.161881 -137.377
0.162065 41.9622
0.162248 10.1173
0.162432 -96.8823
0.162616 123.209
0.1628 -115.718
0.162983 48.5304
0.163167 15.9718
0.163351 -134.045
0.163535 71.5564
0.163718 -149.363
0.163902 -15.3406
0.164086 22.1853
0.164269 -138.061
0.164453 99.7011
0.164637 -106.537
0.164821 -10.0113
0.165004 36.9415
0.165188 -113.395
0.165372 103.656
0.165556 -71.3863
0.165739 -9.37989
0.165923 76.4387
0.166107 -143.342
0.166291 117.727
0.166474 -40.5739
0.166658 9.30826
0.166842 105.886
0.167026 -126.733
0.167209 106.166
0.167393 -68.2998
0.167577 -69.3119
0.167761 125.396
0.167944 -115.381
0.168128 73.6455
0.168312 -20.5277
0.168496 -55.9094
0.168679 126.328
0.168863 -102.237
0.169047 88.9748
0.169231 -13.7643
0.169414 -100.726
0.169598 69.1313
0.169782 -151.903
0.169966 50.2193
0.170149 7.8224
0.170333 -144.261
0.170517 51.4441
0.170701 -164.868
0.170884 6.99699
0.171068 80.1942
0.171252 -61.6701
0.171436 137.979
0.171619 -95.6554
0.171803 32.6431
0.171987 56.097
0.172171 -96.4149
0.172354 136.996
0.172538 -58.2344
0.172722 9.43576
0.172906 67.4619
0.173089 -123.396
0.173273 109.385
0.173457 -108.099
0.173641 -34.8332
0.173824 58.2766
0.174008 -126.484
0.174192 120.667
0.174376 -59.8051
0.174559 -29.841
0.174743 125.32
0.174927 -89.1222
0.175111 88.0777
0.175294 -69.3489
0.175478 -50.6508
0.175662 126.749
0.175846 -119.404
0.176029 75.0748
0.176213 -42.7315
0.176397 -68.5536
0.176581 96.5684
0.176764 -138.873
0.176948 91.7172
0.177132 -8.24573
0.177315 -66.6476
0.177499 131.962
0.177683 -84.1799
0.177867 151
0.17805 69.0717
0.178234 -69.3867
0.178418 105.625
0.178602 -131.126
0.178785 19.1194
0.178969 -9.61875
0.179153 -105.942
0.179337 127.71
0.17952 -81.5153
0.179704 61.0603
0.179888 35.4085
0.180072 -93.4284
0.180255 169.715
0.180439 -45.0293
0.180623 21.709
0.180807 51.645
0.18099 -113.35
0.181174 165.614
0.181358 -48.0556
0.181542 -4.83039
0.181725 102.398
0.181909 -72.2813
0.182093 192.082
0.182277 -3.02137
0.18246 22.4884
0.182644 132.699
0.182828 -97.157
0.183012 176.863
0.183195 30.7699
0.183379 6.99591
0.183563 115.257
0.183747 -133.366
0.18393 75.2005
0.184114 -50.707
0.184298 -93.263
0.184482 66.741
0.184665 -142.562
0.184849 55.1681
0.185033 -49.6793
0.185217 -69.3942
0.1854 135.537
0.185584 -130.884
0.185768 21.9563
0.185952 -31.0768
0.186135 -137.495
0.186319 89.1149
0.186503 -145.058
0.186687 24.0545
0.18687 7.42229
0.187054 -74.7706
0.187238 136.83
0.187422 -125.884
0.187605 23.9983
0.187789 32.3706
0.187973 -117.565
0.188157 84.0148
0.18834 -135.869
0.188524 -5.57802
0.188708 62.813
0.188892 -86.9124
0.189075 113.357
0.189259 -70.4466
0.189443 34.8316
0.189627 85.1409
0.18981 -98.6479
0.189994 99.5534
0.190178 -86.4602
0.190362 -16.5296
0.190545 1.56456
0.190729 -189.663
0.190913 59.7228
0.191096 -89.85
0.19128 -54.9192
0.191464 69.1192
0.191648 -141.678
0.191831 86.7791
0.192015 -49.9218
0.192199 -65.9687
0.192383 93.47
0.192566 -164.638
0.19275 90.8673
0.192934 -14.0001
0.193118 -70.0225
0.193301 99.6741
0.193485 -137.254
0.193669 30.2351
0.193853 -31.3835
0.194036 -97.1582
0.19422 118.73
0.194404 -132.589
0.194588 31.6652
0.194771 6.66632
0.194955 -80.1042
0.195139 125.851
0.195323 -116.448
0.195506 64.2605
0.19569 80.2112
0.195874 -36.5563
0.196058 192.338
0.196241 -58.3399
0.196425 22.485
0.196609 10.4885
0.196793 -143.899
0.196976 99.8658
0.19716 -113.069
0.197344 -7.5209
0.197528 40.7766
0.197711 -130.406
0.197895 75.9297
0.198079 -71.3975
0.198263 -14.1217
0.198446 53.6499
0.19863 -148.942
0.198814 114.177
0.198998 -61.4784
0.199181 -25.4981
0.199365 93.8263
0.199549 -86.0604
0.199733 117.598
0.199916 -14.1326
0.2001 -23.7022
0.200284 101.014
0.200468 -123.335
0.200651 57.3933
0.200835 -65.1655
0.201019 -95.854
0.201203 90.0303
0.201386 -105.165
0.20157 84.9344
0.201754 -5.57257
0.201938 -79.8102
0.202121 135.835
0.202305 -62.0667
0.202489 102.598
0.202673 20.7283
0.202856 -98.8348
0.20304 102.797
0.203224 -137.215
0.203408 24.8425
0.203591 26.9713
0.203775 -76.6678
0.203959 115.294
0.204143 -57.2383
0.204326 48.0836
0.20451 19.1362
0.204694 -106.961
0.204877 115.276
0.205061 -91.9586
0.205245 33.1352
0.205429 117.291
0.205612 -65.6391
0.205796 144.902
0.20598 -104.804
0.206164 -21.9754
0.206347 68.1453
0.206531 -128.852
0.206715 79.2123
0.206899 -64.7211
0.207082 -44.5735
0.207266 59.0426
0.20745 -146.201
0.207634 67.9809
0.207817 -103.42
0.208001 -73.1229
0.208185 109.575
0.208369 -122.057
0.208552 81.4406
0.208736 -48.3739
0.20892 -47.8281
0.209104 76.437
0.209287 -148.575
0.209471 84.8406
0.209655 -1.15474
0.209839 -88.1316
0.210022 61.3409
0.210206 -152.003
0.21039 75.3972
0.210574 6.01297
0.210757 -94.5028
0.210941 119.867
0.211125 -135.024
0.211309 18.3164
0.211492 22.5732
0.211676 -122.415
0.21186 120.597
0.212044 -89.3015
0.212227 52.9911
0.212411 24.8852
0.212595 -142.317
0.212779 130.527
0.212962 -117.008
0.213146 -48.8068
0.21333 -6.62227
0.213514 -147.969
0.213697 98.7588
0.213881 -69.5668
0.214065 5.10021
0.214249 83.3976
0.214432 -93.8439
0.214616 98.3017
0.2148 -95.6405
0.214984 -33.12
0.215167 39.3541
0.215351 -132.108
0.215535 113.098
0.215719 -62.2324
0.215902 13.1869
0.216086 128.072
0.21627 -111.428
0.216454 86.6709
0.216637 -27.8585
0.216821 -37.6623
0.217005 87.9054
0.217189 -134.966
0.217372 47.9559
0.217556 -51.2301
0.21774 -99.2883
0.217924 86.1524
0.218107 -138.568
0.218291 68.1261
0.218475 -4.11001
0.218658 -68.1627
0.218842 134.775
0.219026 -88.241
0.21921 68.8503
0.219393 32.2434
0.219577 -46.4397
0.219761 125.992
0.219945 -81.5263
0.220128 51.3624
0.220312 55.1719
